0.49643691690359637 
0.49643691690359637 
0.49643691690359637 
0.49643691690359637 
0.49643691690359637 
0.49643691690359637 
0.49643691690359637 
0.49643691690359637 
0.49643691690359637 
0.49643691690359637 
0.23948784007159352 
0.081903236131903645 
0.04320398084919963 
0.04320398084919963 
0.04320398084919963 
0.04320398084919963 
0.04320398084919963 
0.04320398084919963 
0.04320398084919963 
0.04320398084919963 
0.04320398084919963 
0.04320398084919963 
0.04320398084919963 
0.04320398084919963 
0.04320398084919963 
0.04118102040721705 
0.04118102040721705 
0.04118102040721705 
0.04118102040721705 
0.04118102040721705 
0.04118102040721705 
0.04118102040721705 
0.04118102040721705 
0.04118102040721705 
0.04118102040721705 
0.04118102040721705 
0.04118102040721705 
0.04118102040721705 
0.04118102040721705 
0.04118102040721705 
0.04118102040721705 
0.04118102040721705 
0.038089750493341734 
0.038089750493341734 
0.038089750493341734 
0.038089750493341734 
0.038089750493341734 
0.038089750493341734 
0.038089750493341734 
0.038089750493341734 
0.038089750493341734 
0.018312457818209005 
0.018312457818209005 
0.018312457818209005 
0.018312457818209005 
0.018312457818209005 
0.018312457818209005 
0.018312457818209005 
0.018312457818209005 
0.018312457818209005 
0.018312457818209005 
0.018312457818209005 
0.018312457818209005 
0.018312457818209005 
0.015354724813420706 
0.015354724813420706 
0.015354724813420706 
0.015354724813420706 
0.0082238668719871733 
0.0082238668719871733 
0.0082238668719871733 
0.0082238668719871733 
0.0082238668719871733 
0.0082238668719871733 
0.0082238668719871733 
0.0082238668719871733 
0.0082238668719871733 
0.0073824166239715439 
0.0073824166239715439 
0.0073824166239715439 
0.0073824166239715439 
0.0073824166239715439 
0.0073824166239715439 
0.0073824166239715439 
0.0073824166239715439 
0.0073824166239715439 
0.0073824166239715439 
0.0073824166239715439 
0.0073824166239715439 
0.0073824166239715439 
0.0071408799875932738 
0.0071408799875932738 
0.0071408799875932738 
0.0071408799875932738 
0.0071408799875932738 
0.0071408799875932738 
0.0071408799875932738 
0.0071408799875932738 
0.0071408799875932738 
0.0071408799875932738 
0.0071408799875932738 
0.0071408799875932738 
0.0071408799875932738 
0.0071408799875932738 
0.0071408799875932738 
0.0071408799875932738 
0.0071408799875932738 
0.0071408799875932738 
0.0071408799875932738 
0.0071408799875932738 
0.0071408799875932738 
0.0071408799875932738 
0.0071408799875932738 
0.0071408799875932738 
0.0071408799875932738 
0.0071408799875932738 
0.0071408799875932738 
0.0071408799875932738 
0.0071408799875932738 
0.0071408799875932738 
0.0071408799875932738 
0.0071408799875932738 
0.0071408799875932738 
0.0071408799875932738 
0.0071408799875932738 
0.0071408799875932738 
0.0071408799875932738 
0.0071408799875932738 
0.0071408799875932738 
0.0071408799875932738 
0.0057617119712461973 
0.0057617119712461973 
0.0057617119712461973 
0.0057617119712461973 
0.0057617119712461973 
0.0057617119712461973 
0.0057617119712461973 
0.0057617119712461973 
0.0057617119712461973 
0.0057617119712461973 
0.0057617119712461973 
0.0035960760477350417 
0.0035960760477350417 
0.0035960760477350417 
0.0035960760477350417 
0.0035960760477350417 
0.0035960760477350417 
0.0035960760477350417 
0.0035960760477350417 
0.0035960760477350417 
0.0035960760477350417 
0.0035960760477350417 
0.0035960760477350417 
0.0035960760477350417 
0.0035960760477350417 
0.0035960760477350417 
0.0035960760477350417 
0.002372010896080412 
0.002372010896080412 
0.002372010896080412 
0.002372010896080412 
0.002372010896080412 
0.002372010896080412 
0.002372010896080412 
0.002372010896080412 
0.002372010896080412 
0.002372010896080412 
0.002372010896080412 
0.002372010896080412 
0.002372010896080412 
0.002372010896080412 
0.002372010896080412 
0.002372010896080412 
0.002372010896080412 
0.002372010896080412 
0.002372010896080412 
0.002372010896080412 
0.002372010896080412 
0.002372010896080412 
0.002372010896080412 
0.002372010896080412 
0.0018849302199023255 
0.0011097628997990272 
0.0011097628997990272 
0.0011097628997990272 
0.0011097628997990272 
0.0011097628997990272 
0.0011097628997990272 
0.0011097628997990272 
0.0011097628997990272 
0.0011097628997990272 
0.0011097628997990272 
0.0011097628997990272 
0.0011097628997990272 
0.0011097628997990272 
0.0011097628997990272 
0.0011097628997990272 
0.0011097628997990272 
0.0011097628997990272 
0.0011097628997990272 
0.0011097628997990272 
0.0011097628997990272 
0.0011097628997990272 
0.0011097628997990272 
0.0011097628997990272 
0.0011097628997990272 
0.0011097628997990272 
0.0011097628997990272 
0.0011097628997990272 
0.0011097628997990272 
0.0011097628997990272 
0.0011097628997990272 
0.0011097628997990272 
0.0011097628997990272 
0.0011097628997990272 
0.0011097628997990272 
0.0011097628997990272 
0.0011097628997990272 
0.0011097628997990272 
0.0011097628997990272 
0.0011097628997990272 
0.0011097628997990272 
0.0011097628997990272 
0.0011097628997990272 
0.0011097628997990272 
0.0011097628997990272 
0.0011097628997990272 
0.0011097628997990272 
0.0011097628997990272 
0.0011097628997990272 
0.0011097628997990272 
0.0011097628997990272 
0.0011097628997990272 
0.0011097628997990272 
0.0011097628997990272 
0.0011097628997990272 
0.0011097628997990272 
0.0011097628997990272 
0.0011097628997990272 
0.0011097628997990272 
0.0011097628997990272 
0.0011097628997990272 
0.0011097628997990272 
0.0011097628997990272 
0.0011097628997990272 
0.0011097628997990272 
0.0008261798545888821 
0.0008261798545888821 
0.0008261798545888821 
0.0008261798545888821 
0.0008261798545888821 
0.0008261798545888821 
0.0008261798545888821 
0.0008261798545888821 
0.0008261798545888821 
0.0008261798545888821 
0.0008261798545888821 
0.0008261798545888821 
0.0008261798545888821 
0.0008261798545888821 
0.0008261798545888821 
0.0008261798545888821 
0.0008261798545888821 
0.0008261798545888821 
0.0008261798545888821 
0.0008261798545888821 
0.0008261798545888821 
0.0008261798545888821 
0.0008261798545888821 
0.0008261798545888821 
0.0008261798545888821 
0.0008261798545888821 
0.0008261798545888821 
0.0008261798545888821 
0.0008261798545888821 
0.0008261798545888821 
0.0008261798545888821 
0.0008261798545888821 
0.0008261798545888821 
0.0008261798545888821 
0.0008261798545888821 
0.0008261798545888821 
0.0008261798545888821 
0.0008261798545888821 
0.0008261798545888821 
0.0008261798545888821 
0.0008261798545888821 
0.0008261798545888821 
0.0008261798545888821 
0.0008261798545888821 
0.0008261798545888821 
0.0008261798545888821 
0.0008261798545888821 
0.0008261798545888821 
0.0008261798545888821 
0.0008261798545888821 
0.0008261798545888821 
0.0008261798545888821 
0.0008261798545888821 
0.0008261798545888821 
0.0008261798545888821 
0.0008261798545888821 
0.0008261798545888821 
0.0008261798545888821 
0.0008261798545888821 
0.0008261798545888821 
0.0008261798545888821 
0.0008261798545888821 
0.0008261798545888821 
0.0008261798545888821 
0.0008261798545888821 
0.0008261798545888821 
0.0008261798545888821 
0.0008261798545888821 
0.0008261798545888821 
0.0008261798545888821 
0.0008261798545888821 
0.0008261798545888821 
0.0008261798545888821 
0.0008261798545888821 
0.0008261798545888821 
0.0008261798545888821 
0.0008261798545888821 
0.0008261798545888821 
0.0008261798545888821 
0.0008261798545888821 
0.0008261798545888821 
0.0008261798545888821 
0.0008261798545888821 
0.0008261798545888821 
0.0008261798545888821 
0.0008261798545888821 
0.0008261798545888821 
0.0008261798545888821 
0.0008261798545888821 
0.0008261798545888821 
0.0008261798545888821 
0.0008261798545888821 
0.0008261798545888821 
0.0008261798545888821 
0.0008261798545888821 
0.0008261798545888821 
0.0008261798545888821 
0.0008261798545888821 
0.0008261798545888821 
0.0008261798545888821 
0.0008261798545888821 
0.0008261798545888821 
0.0008261798545888821 
0.0008261798545888821 
0.0008261798545888821 
0.0008261798545888821 
0.0008261798545888821 
0.0008261798545888821 
0.0008261798545888821 
0.0008261798545888821 
0.0008261798545888821 
0.0008261798545888821 
0.0008261798545888821 
0.0008261798545888821 
0.0008261798545888821 
0.0008261798545888821 
0.0008261798545888821 
0.0008261798545888821 
0.0008261798545888821 
0.0008261798545888821 
0.0008261798545888821 
0.0008261798545888821 
0.0008261798545888821 
0.0008261798545888821 
0.0008261798545888821 
0.0008261798545888821 
0.0008261798545888821 
0.0008261798545888821 
0.0008261798545888821 
0.0008261798545888821 
0.0008261798545888821 
0.0008261798545888821 
0.0008261798545888821 
0.0008261798545888821 
0.0008261798545888821 
0.0008261798545888821 
0.0008261798545888821 
0.0008261798545888821 
0.0008261798545888821 
0.0008261798545888821 
0.0008261798545888821 
0.00073294586092709224 
0.00073294586092709224 
0.00073294586092709224 
0.00073294586092709224 
0.00073294586092709224 
0.00073294586092709224 
0.00073294586092709224 
0.00073294586092709224 
0.00073294586092709224 
0.00073294586092709224 
0.00059469635563302869 
0.00059469635563302869 
0.00059469635563302869 
0.00059469635563302869 
0.00059469635563302869 
0.00059469635563302869 
0.00059469635563302869 
0.00059469635563302869 
0.00059469635563302869 
0.00059469635563302869 
0.00059469635563302869 
0.00059469635563302869 
0.00059469635563302869 
0.00059469635563302869 
0.00059469635563302869 
0.00059469635563302869 
0.00059469635563302869 
0.00059469635563302869 
0.00059469635563302869 
0.00059469635563302869 
0.00059469635563302869 
0.00059469635563302869 
0.00059469635563302869 
0.00059469635563302869 
0.00059469635563302869 
0.00059469635563302869 
0.00059469635563302869 
0.00059469635563302869 
0.00059469635563302869 
0.00059469635563302869 
0.00059469635563302869 
0.00059469635563302869 
0.00059469635563302869 
0.00059469635563302869 
0.00059469635563302869 
0.00059469635563302869 
0.00059469635563302869 
0.00059469635563302869 
0.00059469635563302869 
0.00059469635563302869 
0.00059469635563302869 
0.00059469635563302869 
0.00059469635563302869 
0.00059469635563302869 
0.00059469635563302869 
0.00059469635563302869 
0.00059469635563302869 
0.00059469635563302869 
0.00059469635563302869 
0.00059469635563302869 
0.00059469635563302869 
0.00059469635563302869 
0.00059469635563302869 
0.00059469635563302869 
0.00059469635563302869 
0.00059469635563302869 
0.00059469635563302869 
0.00059469635563302869 
0.00059469635563302869 
0.00059469635563302869 
0.00059469635563302869 
0.00059469635563302869 
0.00059469635563302869 
0.00059469635563302869 
0.00041097570254555738 
0.00041097570254555738 
0.00041097570254555738 
0.00041097570254555738 
0.00041097570254555738 
0.00041097570254555738 
0.00041097570254555738 
0.00041097570254555738 
0.00041097570254555738 
0.00041097570254555738 
0.00041097570254555738 
0.00041097570254555738 
0.00041097570254555738 
0.00041097570254555738 
0.00041097570254555738 
0.00041097570254555738 
0.00041097570254555738 
0.00041097570254555738 
0.00041097570254555738 
0.00041097570254555738 
0.00041097570254555738 
0.00041097570254555738 
0.00041097570254555738 
0.00041097570254555738 
0.00041097570254555738 
0.00041097570254555738 
0.00041097570254555738 
0.00041097570254555738 
0.00041097570254555738 
0.00041097570254555738 
0.00041097570254555738 
0.00041097570254555738 
0.00041097570254555738 
0.00041097570254555738 
0.00041097570254555738 
0.00041097570254555738 
0.00041097570254555738 
0.00041097570254555738 
0.00041097570254555738 
0.00041097570254555738 
0.00041097570254555738 
0.00041097570254555738 
0.00041097570254555738 
0.00041097570254555738 
0.00041097570254555738 
0.00041097570254555738 
0.00041097570254555738 
0.00041097570254555738 
0.00041097570254555738 
0.00041097570254555738 
0.00041097570254555738 
0.00041097570254555738 
0.00041097570254555738 
0.00041097570254555738 
0.00041097570254555738 
0.00041097570254555738 
0.00041097570254555738 
0.00041097570254555738 
0.00041097570254555738 
0.00041097570254555738 
0.00041097570254555738 
0.00041097570254555738 
0.00041097570254555738 
0.00041097570254555738 
0.00041097570254555738 
0.00041097570254555738 
0.00041097570254555738 
0.00041097570254555738 
0.00041097570254555738 
0.00041097570254555738 
0.00041097570254555738 
0.00041097570254555738 
0.00041097570254555738 
0.00041097570254555738 
0.00041097570254555738 
0.00041097570254555738 
0.00041097570254555738 
0.00041097570254555738 
0.00041097570254555738 
0.00041097570254555738 
0.00041097570254555738 
0.00041097570254555738 
0.00041097570254555738 
0.00041097570254555738 
0.00041097570254555738 
0.00041097570254555738 
0.00041097570254555738 
0.00041097570254555738 
0.00041097570254555738 
0.00041097570254555738 
0.00041097570254555738 
0.00041097570254555738 
0.00041097570254555738 
0.00041097570254555738 
0.00041097570254555738 
0.00041097570254555738 
0.00041097570254555738 
0.00041097570254555738 
0.00041097570254555738 
0.00041097570254555738 
0.00041097570254555738 
0.00041097570254555738 
0.00041097570254555738 
0.00041097570254555738 
0.00037866014876386522 
0.00037866014876386522 
0.00037866014876386522 
0.00037866014876386522 
0.00037866014876386522 
0.00037866014876386522 
0.00037866014876386522 
0.00037866014876386522 
0.00037866014876386522 
0.00037866014876386522 
0.00037866014876386522 
0.00037866014876386522 
0.00037866014876386522 
0.00037866014876386522 
0.00025171617435726379 
0.00025171617435726379 
0.00025171617435726379 
0.00025171617435726379 
0.00025171617435726379 
0.00025171617435726379 
0.00025171617435726379 
0.00025171617435726379 
0.00025171617435726379 
0.00025171617435726379 
0.00025171617435726379 
0.00025171617435726379 
0.00025171617435726379 
0.00025171617435726379 
0.00025171617435726379 
0.00025171617435726379 
0.00025171617435726379 
0.00025171617435726379 
0.00025171617435726379 
0.00025171617435726379 
0.00025171617435726379 
0.00025171617435726379 
0.00025171617435726379 
0.00025171617435726379 
0.00025171617435726379 
0.00025171617435726379 
0.00025171617435726379 
0.00025171617435726379 
0.00025171617435726379 
0.00025171617435726379 
0.00025171617435726379 
0.00025171617435726379 
0.00025171617435726379 
0.00025171617435726379 
0.00025171617435726379 
0.00025171617435726379 
0.00025171617435726379 
0.00025171617435726379 
0.00025171617435726379 
0.00025171617435726379 
0.00025171617435726379 
0.00025171617435726379 
0.00025171617435726379 
0.00025171617435726379 
0.00025171617435726379 
0.00025171617435726379 
0.00025171617435726379 
0.00025171617435726379 
0.00025171617435726379 
0.00025171617435726379 
0.00025171617435726379 
0.00025171617435726379 
0.00025171617435726379 
0.00025171617435726379 
0.00025171617435726379 
0.00025171617435726379 
0.00025171617435726379 
0.00025171617435726379 
0.00025171617435726379 
0.00025171617435726379 
0.00025171617435726379 
0.00025171617435726379 
0.00025171617435726379 
0.00025171617435726379 
0.00025171617435726379 
0.00025171617435726379 
0.00025171617435726379 
0.00025171617435726379 
0.00025171617435726379 
0.00025171617435726379 
0.00025171617435726379 
0.00025171617435726379 
0.00025171617435726379 
0.00025171617435726379 
0.00015764038104049138 
0.00015764038104049138 
0.00015764038104049138 
0.00015764038104049138 
0.00015764038104049138 
0.00015764038104049138 
0.00015764038104049138 
0.00015764038104049138 
0.00015764038104049138 
0.00015764038104049138 
0.00015764038104049138 
0.00015764038104049138 
0.00015764038104049138 
0.00015764038104049138 
0.00015764038104049138 
0.00015764038104049138 
0.00015764038104049138 
0.00015764038104049138 
0.00015764038104049138 
0.00015764038104049138 
0.00015764038104049138 
0.00015764038104049138 
0.00015764038104049138 
0.00015764038104049138 
0.00015764038104049138 
0.00015764038104049138 
0.00015764038104049138 
0.00015764038104049138 
0.00015764038104049138 
0.00015764038104049138 
0.00015764038104049138 
0.00015764038104049138 
0.00015764038104049138 
0.00015764038104049138 
0.00015764038104049138 
0.00015764038104049138 
0.00015764038104049138 
0.00015764038104049138 
0.00015764038104049138 
0.00015764038104049138 
0.00015764038104049138 
0.00015764038104049138 
0.00015764038104049138 
0.00015764038104049138 
0.00015764038104049138 
0.00015764038104049138 
0.00015764038104049138 
0.00015764038104049138 
0.00015764038104049138 
0.00015764038104049138 
0.00015764038104049138 
0.00015764038104049138 
0.00015764038104049138 
0.00015764038104049138 
0.00015764038104049138 
0.00015764038104049138 
0.00015764038104049138 
0.00015764038104049138 
0.00015764038104049138 
0.00015764038104049138 
0.00015764038104049138 
0.00015764038104049138 
0.00015764038104049138 
0.00015764038104049138 
0.00011379003892353357 
0.00011379003892353357 
0.00011379003892353357 
0.00011379003892353357 
0.00011379003892353357 
0.00011379003892353357 
0.00011379003892353357 
0.00011379003892353357 
0.00011379003892353357 
0.00011379003892353357 
0.00011379003892353357 
0.00011379003892353357 
0.00011379003892353357 
0.00011379003892353357 
0.00011379003892353357 
0.00011379003892353357 
0.00011379003892353357 
0.00011379003892353357 
0.00011379003892353357 
0.00011379003892353357 
0.00011379003892353357 
0.00011379003892353357 
0.00011379003892353357 
0.00011379003892353357 
0.00011379003892353357 
0.00011379003892353357 
0.00011379003892353357 
0.00011379003892353357 
0.00011379003892353357 
0.00011379003892353357 
0.00011379003892353357 
0.00011379003892353357 
0.00011379003892353357 
0.00011379003892353357 
0.00011379003892353357 
0.00011379003892353357 
0.00011379003892353357 
0.00011379003892353357 
0.00011379003892353357 
0.00011379003892353357 
0.00011379003892353357 
0.00011379003892353357 
0.00011379003892353357 
0.00011379003892353357 
0.00011379003892353357 
0.00011379003892353357 
0.00011379003892353357 
0.00011379003892353357 
0.00011379003892353357 
0.00011379003892353357 
0.00011379003892353357 
0.00011379003892353357 
0.00011379003892353357 
0.00011379003892353357 
0.00011379003892353357 
0.00011379003892353357 
0.00011379003892353357 
0.00011379003892353357 
0.00011379003892353357 
0.00011379003892353357 
0.00011379003892353357 
0.00011379003892353357 
0.00011379003892353357 
0.00011379003892353357 
0.00011379003892353357 
0.00011379003892353357 
0.00011379003892353357 
0.00011379003892353357 
0.00011379003892353357 
0.00011379003892353357 
0.00011379003892353357 
0.00011379003892353357 
0.00011379003892353357 
0.00011379003892353357 
0.00011379003892353357 
0.00011379003892353357 
0.00011379003892353357 
0.00011379003892353357 
0.00011379003892353357 
0.00011379003892353357 
0.00011379003892353357 
0.00011379003892353357 
0.00011379003892353357 
0.00011379003892353357 
0.00011379003892353357 
0.00011379003892353357 
0.00011379003892353357 
0.00011379003892353357 
0.00011379003892353357 
0.00011379003892353357 
0.00011379003892353357 
0.00011379003892353357 
0.00011379003892353357 
0.00011379003892353357 
0.00011379003892353357 
0.00011379003892353357 
0.00011379003892353357 
0.00011379003892353357 
0.00011379003892353357 
0.00011379003892353357 
0.00011379003892353357 
0.00011379003892353357 
0.00011379003892353357 
0.00011379003892353357 
0.00011379003892353357 
0.00011379003892353357 
0.00011379003892353357 
0.00011379003892353357 
0.00011379003892353357 
0.00011379003892353357 
0.00011379003892353357 
0.00011379003892353357 
0.00011379003892353357 
0.00011379003892353357 
0.00011379003892353357 
0.00011379003892353357 
0.00011379003892353357 
0.00011379003892353357 
0.00011379003892353357 
0.00011379003892353357 
0.00011379003892353357 
0.00011379003892353357 
0.00011379003892353357 
0.00011379003892353357 
0.00011379003892353357 
0.00011379003892353357 
0.00011379003892353357 
0.00011379003892353357 
0.00011379003892353357 
0.00011379003892353357 
0.00011379003892353357 
0.00011379003892353357 
0.00011379003892353357 
0.00011379003892353357 
0.00011379003892353357 
0.00011379003892353357 
0.00011379003892353357 
0.00011379003892353357 
0.00011379003892353357 
0.00011379003892353357 
0.00011379003892353357 
0.00011379003892353357 
0.00011379003892353357 
0.00011379003892353357 
0.00011379003892353357 
0.00011379003892353357 
0.00011379003892353357 
0.00011379003892353357 
0.00011379003892353357 
0.00011379003892353357 
0.00011379003892353357 
0.00011379003892353357 
0.00011379003892353357 
0.00011379003892353357 
0.00011379003892353357 
0.00011379003892353357 
0.00011379003892353357 
0.00011379003892353357 
0.00011379003892353357 
0.00011379003892353357 
0.00011379003892353357 
0.00011379003892353357 
0.00011379003892353357 
0.00011379003892353357 
0.00011379003892353357 
0.00011379003892353357 
0.00011379003892353357 
0.00011379003892353357 
0.00011379003892353357 
0.00011379003892353357 
0.00011379003892353357 
0.00011379003892353357 
0.00011379003892353357 
0.00011379003892353357 
0.00011379003892353357 
0.00011379003892353357 
0.00011379003892353357 
0.00011379003892353357 
0.00011379003892353357 
0.00011379003892353357 
0.00011379003892353357 
0.00011379003892353357 
0.00011379003892353357 
0.00011379003892353357 
0.00011379003892353357 
0.00011379003892353357 
0.00011379003892353357 
0.00011379003892353357 
0.00011379003892353357 
0.00011379003892353357 
0.00011379003892353357 
0.00011379003892353357 
0.00011379003892353357 
0.00011379003892353357 
0.00011379003892353357 
0.00011379003892353357 
0.00011379003892353357 
0.00011379003892353357 
0.00011379003892353357 
0.00011379003892353357 
0.00011379003892353357 
0.00011379003892353357 
0.00011379003892353357 
0.00011379003892353357 
0.00011379003892353357 
0.00011379003892353357 
0.00011379003892353357 
9.1672974223189208e-05 
9.1672974223189208e-05 
9.1672974223189208e-05 
9.1672974223189208e-05 
9.1672974223189208e-05 
9.1672974223189208e-05 
9.1672974223189208e-05 
9.1672974223189208e-05 
9.1672974223189208e-05 
9.1672974223189208e-05 
9.1672974223189208e-05 
9.1672974223189208e-05 
9.1672974223189208e-05 
9.1672974223189208e-05 
9.1672974223189208e-05 
9.1672974223189208e-05 
9.1672974223189208e-05 
9.1672974223189208e-05 
9.1672974223189208e-05 
9.1672974223189208e-05 
9.1672974223189208e-05 
9.1672974223189208e-05 
9.1672974223189208e-05 
9.1672974223189208e-05 
9.1672974223189208e-05 
9.1672974223189208e-05 
9.1672974223189208e-05 
9.1672974223189208e-05 
9.1672974223189208e-05 
9.1672974223189208e-05 
9.1672974223189208e-05 
9.1672974223189208e-05 
9.1672974223189208e-05 
9.1672974223189208e-05 
9.1672974223189208e-05 
9.1672974223189208e-05 
9.1672974223189208e-05 
9.1672974223189208e-05 
9.1672974223189208e-05 
9.1672974223189208e-05 
9.1672974223189208e-05 
9.1672974223189208e-05 
9.1672974223189208e-05 
9.1672974223189208e-05 
9.1672974223189208e-05 
9.1672974223189208e-05 
9.1672974223189208e-05 
9.1672974223189208e-05 
9.1672974223189208e-05 
9.1672974223189208e-05 
9.1672974223189208e-05 
9.1672974223189208e-05 
9.1672974223189208e-05 
9.1672974223189208e-05 
9.1672974223189208e-05 
9.1672974223189208e-05 
9.1672974223189208e-05 
9.1672974223189208e-05 
9.1672974223189208e-05 
9.1672974223189208e-05 
9.1672974223189208e-05 
9.1672974223189208e-05 
9.1672974223189208e-05 
9.1672974223189208e-05 
7.9532694403972037e-05 
7.9532694403972037e-05 
7.9532694403972037e-05 
7.9532694403972037e-05 
7.9532694403972037e-05 
7.9532694403972037e-05 
7.9532694403972037e-05 
7.9532694403972037e-05 
7.9532694403972037e-05 
7.9532694403972037e-05 
7.9532694403972037e-05 
7.9532694403972037e-05 
