1.4178209673855853 
1.4178209673855853 
1.4178209673855853 
1.4178209673855853 
1.4178209673855853 
1.4178209673855853 
1.4178209673855853 
1.4178209673855853 
1.4178209673855853 
1.4178209673855853 
1.4178209673855853 
1.4178209673855853 
1.4178209673855853 
1.4178209673855853 
1.4178209673855853 
1.4178209673855853 
1.4178209673855853 
1.4178209673855853 
1.321895522492992 
1.2281616557586323 
1.1684791952371532 
1.130245307494341 
1.1056389137478209 
1.089751023761298 
1.0794694701082772 
1.0728059007068036 
1.0684828448586448 
1.0656763640909004 
1.0638536364867606 
1.0215240071175737 
0.97713499309249752 
0.94882449226872578 
0.88439726540941421 
0.83346922603505902 
0.80103927374862949 
0.75901674200867697 
0.7165349545985813 
0.68825859365252851 
0.6470781007423706 
0.61171538459672603 
0.58042636564880801 
0.54544392672319253 
0.51898991037025077 
0.48700126024257617 
0.46336372033667028 
0.43506118885427036 
0.41342682917436691 
0.38876911848975892 
0.36879486865184896 
0.34748359805748119 
0.32900437291236206 
0.31067236177672886 
0.29358675980620308 
0.27787002541617389 
0.26209705149933338 
0.24866021880399602 
0.23412400181033077 
0.22266728638293021 
0.20929256186734557 
0.19955166936551083 
0.18726318916246498 
0.17900667898813227 
0.16772987905157632 
0.16052969476711609 
0.14860206036920076 
0.14097930645551782 
0.13614227768781728 
0.12655986197283586 
0.11970684876806115 
0.11536934713970026 
0.10960036946924556 
0.10401285346466294 
0.10026572484491225 
0.095026482876481744 
0.090167201506402894 
0.086533408480780727 
0.080758190630033089 
0.077122211358584658 
0.074815725098410835 
0.069938053358763574 
0.066627260428945401 
0.064533047934581367 
0.062025445016336 
0.059329456639155231 
0.057268552402992445 
0.054994608694307612 
0.052422874436546918 
0.050680628764598779 
0.048116082852288744 
0.046364644642654329 
0.045253966945496771 
0.042733124556509905 
0.041149147961830446 
0.040147468108867268 
0.039099148902113079 
0.037802826650432109 
0.036674393123784399 
0.035681480189544867 
0.034235614289910732 
0.033305653804621582 
0.032692508432935474 
0.031762193799521055 
0.030825800112866397 
0.030161449685742747 
0.029221930532474238 
0.028569780576077064 
0.028123530353391435 
0.027493078016272099 
0.026838777633064859 
0.02638088370599756 
0.02573160623648274 
0.025280065757110615 
0.024973860662933944 
0.024534974553008571 
0.024086104799850516 
0.023769665720870692 
0.02331682077895858 
0.023004628862892007 
0.022797164829824412 
0.022489532335920881 
0.022183526932082476 
0.02196479436709764 
0.0216475310058033 
0.021431762645935382 
0.021292559443797487 
0.021075779014285256 
0.020868378582579949 
0.020717176704983853 
0.020493928279932794 
0.020344837204715915 
0.020250309420403179 
0.02003559695082846 
0.019900299566719903 
0.019814753818055197 
0.019724440609701355 
0.019613656917211952 
0.019518536458509983 
0.019433899161792167 
0.019308904771858315 
0.019229494095089561 
0.019179129284515151 
0.01906165566400897 
0.018988343867966884 
0.018941995843613002 
0.018895902220863792 
0.018836078665879774 
0.018781914625632945 
0.018736216321455723 
0.018671397078517948 
0.018628470925139973 
0.018598751008389924 
0.018557238913700647 
0.018512941494132185 
0.018482406823723707 
0.018440049208301001 
0.01840997600742067 
0.018388754632757021 
0.018360336821152234 
0.018329721892197726 
0.01830868334233382 
0.018279161024849166 
0.018258359262657065 
0.018244038775523164 
0.018224040640335892 
0.018203253180608669 
0.018188715404896416 
0.018167951246996772 
0.018153580324699714 
0.018144037162275861 
0.018129872804764302 
0.018115845432278066 
0.018105796306996602 
0.018091129418136731 
0.018081203289643799 
0.018074910144949663 
0.018060497028158928 
0.018051504730811185 
0.018045819051279 
0.018039904900435277 
0.018032531374142735 
0.018026131119955102 
0.018020505658894681 
0.018012249546416781 
0.018006965074088166 
0.018003576235788743 
0.017998197481168487 
0.017993005438759702 
0.017989243569638602 
0.017983776672086171 
0.017980076514709675 
0.017977704367447833 
0.017973969465459372 
0.017970429835652224 
0.017967837099967632 
0.017963983900290303 
0.017961425346889714 
0.017959803251542117 
0.017956151488165983 
0.017953831822726252 
0.017952365113616975 
0.017950780082851781 
0.017948879503630111 
0.017947286244160199 
0.017945825654616221 
0.017943902591059491 
0.017942686562588239 
0.017940985588302927 
0.017939754515384543 
0.017938913023772818 
0.017937728742442482 
0.017936520591046556 
0.01793566716026096 
0.017934427686938648 
0.01793358253025823 
0.017933041928376636 
0.017932188660502391 
0.017931384605030298 
0.01793079378084439 
0.017929911519421804 
0.017929328182392235 
0.017928958356675406 
0.017928130060427705 
0.017927601235585788 
0.017927266860629176 
0.017926901439188958 
0.017926468206384216 
0.017926108949915753 
0.017925772099840365 
0.01792533750091152 
0.017925060251297364 
0.017924668865605731 
0.017924388263105606 
0.017924199885136272 
0.017923926527588341 
0.017923654398784294 
0.017923459809805031 
0.017923174133246511 
0.017922981504487345 
0.017922859381681144 
0.017922581720485886 
0.017922407349216463 
0.017922297095250395 
0.017922180403060595 
0.017922037404543678 
0.017921915267798516 
0.017921806160786091 
0.017921644094267553 
0.017921541621687131 
0.017921476633201761 
0.017921326256499448 
0.017921231733495691 
0.01792117197417098 
0.017921111217898411 
0.017921034045219386 
0.017920965561425084 
0.017920906633685729 
0.01792082162691877 
0.017920766263310961 
0.017920729362756682 
0.017920674398184344 
0.017920618696602664 
0.017920579314951723 
0.017920523280328671 
0.017920484504314826 
0.017920458521019644 
0.017920420503993451 
0.01792038237309812 
0.017920355233450591 
0.017920315854748625 
0.017920289040396664 
0.017920271836621038 
0.017920244804898289 
0.017920219214765165 
0.017920200456911783 
0.017920172515765942 
0.017920153996098587 
0.017920142254937543 
0.017920115896662314 
0.017920099109582144 
0.01792008849514326 
0.017920076949313857 
0.017920063194351687 
0.017920051738672949 
0.017920041093222983 
0.017920027250064363 
0.01792001844915514 
0.017920006065866079 
0.017919997156814693 
0.017919991138041214 
0.017919982496832354 
0.017919973822366653 
0.01791996764542636 
0.017919958608476838 
0.017919952492547409 
0.017919948615166881 
0.017919939771834259 
0.017919934236702573 
0.017919930736873813 
0.017919927057650886 
0.017919922517445341 
0.017919918616423502 
0.017919915153020161 
0.017919910029799091 
0.017919906776271533 
0.017919904712869528 
0.017919899919401905 
0.017919896918972111 
0.017919895022044385 
0.017919893110780682 
0.017919890660500926 
0.01791988846995507 
0.017919886599440993 
0.017919883916054591 
0.017919882158206613 
0.017919880972447122 
0.017919879241388159 
0.017919877459672717 
0.017919876209623764 
0.01791987444319143 
0.017919873211990733 
0.017919872375418588 
0.017919871179867153 
0.017919869958378465 
0.017919869096934327 
0.017919867857033367 
0.017919867005612988 
0.017919866449843558 
0.017919865601019769 
0.017919864779599615 
0.017919864184220868 
0.017919863305620343 
0.017919862717557078 
0.017919862344733306 
0.017919861500298007 
0.017919860967489765 
0.017919860630597917 
0.017919860271015109 
0.017919859834231722 
0.017919859463997767 
0.017919859130651195 
0.017919858632858277 
0.01791985831985321 
0.017919858121344889 
0.017919857664442596 
0.017919857375652715 
0.01791985719307243 
0.017919857005183504 
0.017919856769462394 
0.017919856562424341 
0.017919856382381916 
0.017919856120646394 
0.017919855951544328 
0.017919855840758503 
0.017919855670954998 
0.017919855502629867 
0.017919855382302341 
0.017919855209394098 
0.017919855090962167 
0.017919855013220798 
0.017919854895489862 
0.017919854780548805 
0.017919854697622029 
0.017919854575872862 
0.017919854493978593 
0.01791985444205868 
0.017919854323869111 
0.017919854249677347 
0.017919854202766428 
0.01791985415324282 
0.017919854092408261 
0.017919854040326921 
0.017919853993911494 
0.017919853925080109 
0.017919853881484094 
0.017919853853835099 
0.01791985378975991 
0.017919853749549963 
0.017919853724128521 
0.017919853698370791 
0.017919853665538055 
0.017919853636321093 
0.017919853611253256 
0.017919853575165234 
0.017919853551610965 
0.017919853535843244 
0.017919853512526895 
0.017919853488766457 
0.017919853472013525 
0.017919853448234102 
0.017919853431736965 
0.017919853420628185 
0.017919853404507857 
0.01791985338823554 
0.017919853376690442 
0.017919853359984916 
0.017919853348576931 
0.017919853341214265 
0.017919853329756763 
0.017919853318829282 
0.017919853310849998 
0.017919853299001032 
0.017919853291121668 
0.017919853286126108 
0.017919853274879105 
0.01791985326773804 
0.017919853263222763 
0.017919853258341778 
0.01791985325248957 
0.017919853247587048 
0.017919853243086425 
0.017919853237170158 
0.017919853233426375 
0.017919853228183458 
0.017919853224393045 
0.017919853221808779 
0.01791985321815559 
0.017919853214443338 
0.01791985321181544 
0.017919853207991943 
0.017919853205389469 
0.017919853203733016 
0.017919853201098013 
0.017919853198630431 
0.01791985319681122 
0.017919853194087176 
0.017919853192291169 
0.017919853191152524 
0.017919853188610113 
0.01791985318698186 
0.017919853185952461 
0.017919853184819701 
0.017919853183486101 
0.017919853182387202 
0.017919853181342815 
0.01791985318001188 
0.017919853179158229 
0.017919853177946421 
0.017919853177082556 
0.017919853176508904 
0.017919853175661249 
0.01791985317482947 
0.017919853174230282 
0.01791985317334488 
0.017919853172751798 
0.017919853172375877 
0.017919853171526445 
0.01791985317098943 
0.017919853170650035 
0.017919853170285771 
0.017919853169845457 
0.017919853169474087 
0.017919853169138134 
0.01791985316863498 
0.017919853168319455 
0.017919853168119282 
0.017919853167660649 
0.017919853167369437 
0.017919853167185362 
0.017919853166994293 
0.017919853166756816 
0.017919853166549649 
0.017919853166368238 
0.017919853166103117 
0.017919853165932698 
0.01791985316582223 
0.017919853165649813 
0.017919853165481392 
0.017919853165360267 
0.017919853165184518 
0.017919853165065502 
0.017919853164988231 
0.017919853164868549 
0.01791985316475353 
0.01791985316466993 
0.017919853164546362 
0.017919853164463762 
0.01791985316441147 
0.017919853164293342 
0.017919853164218624 
0.017919853164171218 
0.017919853164120703 
0.017919853164059196 
0.01791985316400746 
0.017919853163960608 
0.017919853163890664 
0.017919853163846589 
0.017919853163818611 
0.017919853163754773 
0.017919853163714139 
0.017919853163688604 
0.017919853163662292 
0.017919853163628985 
0.017919853163600008 
0.017919853163574806 
0.017919853163537836 
0.017919853163514299 
0.017919853163498756 
0.017919853163474886 
0.017919853163451571 
0.017919853163434474 
0.017919853163410271 
0.017919853163393396 
0.017919853163382626 
0.017919853163366195 
0.017919853163350097 
0.01791985316333855 
0.017919853163321342 
0.017919853163309796 
0.017919853163302468 
0.017919853163285815 
0.017919853163275601 
0.017919853163268717 
0.017919853163261723 
0.017919853163253396 
0.01791985316324618 
0.017919853163239408 
0.017919853163229749 
0.017919853163223753 
0.017919853163219757 
0.017919853163210875 
0.017919853163205324 
0.017919853163201771 
0.017919853163198218 
0.017919853163193444 
0.017919853163189337 
0.017919853163185784 
0.017919853163180788 
0.017919853163177346 
0.017919853163175348 
0.017919853163172017 
0.017919853163168686 
0.017919853163166244 
0.017919853163163024 
0.017919853163160804 
0.017919853163159138 
0.017919853163155919 
0.017919853163153698 
0.017919853163152477 
0.017919853163151034 
0.017919853163149257 
0.017919853163147592 
0.01791985316314626 
0.017919853163144706 
0.017919853163143373 
0.017919853163142596 
0.017919853163141264 
0.017919853163139821 
0.017919853163138821 
0.017919853163138266 
0.017919853163137267 
0.017919853163136157 
0.01791985316313538 
0.017919853163134825 
0.017919853163133825 
0.01791985316313327 
0.017919853163132715 
0.017919853163132271 
0.017919853163131272 
0.017919853163130606 
0.017919853163130495 
0.017919853163130162 
0.017919853163129829 
0.017919853163129162 
0.017919853163129051 
0.017919853163128607 
0.017919853163128274 
0.017919853163127941 
0.017919853163127719 
0.017919853163127275 
0.017919853163126942 
0.017919853163126831 
0.017919853163126609 
0.017919853163126387 
0.017919853163126165 
0.017919853163126054 
0.017919853163125832 
0.01791985316312561 
0.01791985316312561 
0.017919853163125388 
0.017919853163125166 
0.017919853163125055 
0.017919853163124944 
0.017919853163124944 
0.017919853163124722 
0.017919853163124499 
0.017919853163124499 
0.017919853163124388 
0.017919853163124277 
0.017919853163124166 
0.017919853163124166 
0.017919853163124055 
0.017919853163124055 
0.017919853163124055 
0.017919853163124055 
0.017919853163123944 
0.017919853163123944 
0.017919853163123722 
0.017919853163123722 
0.0179198531631235 
0.0179198531631235 
0.0179198531631235 
0.0179198531631235 
0.0179198531631235 
0.0179198531631235 
0.0179198531631235 
0.0179198531631235 
0.017919853163123389 
0.017919853163123167 
0.017919853163123167 
0.017919853163123167 
0.017919853163123167 
0.017919853163123167 
0.017919853163123167 
0.017919853163123167 
0.017919853163123167 
0.017919853163123167 
0.017919853163123167 
0.017919853163123167 
0.017919853163123167 
0.017919853163123167 
0.017919853163123167 
0.017919853163123167 
0.017919853163123167 
0.017919853163123167 
0.017919853163123167 
0.017919853163123167 
0.017919853163123167 
0.017919853163123167 
0.017919853163123167 
0.017919853163123056 
0.017919853163123056 
0.017919853163123056 
0.017919853163123056 
0.017919853163123056 
0.017919853163123056 
0.017919853163123056 
0.017919853163123056 
0.017919853163123056 
0.017919853163122945 
0.017919853163122945 
0.017919853163122945 
0.017919853163122945 
0.017919853163122945 
0.017919853163122945 
0.017919853163122945 
0.017919853163122945 
0.017919853163122945 
0.017919853163122945 
0.017919853163122945 
0.017919853163122945 
0.017919853163122945 
0.017919853163122945 
0.017919853163122945 
0.017919853163122945 
0.017919853163122945 
0.017919853163122945 
0.017919853163122945 
0.017919853163122945 
0.017919853163122945 
0.017919853163122945 
0.017919853163122945 
0.017919853163122945 
0.017919853163122945 
0.017919853163122945 
0.017919853163122945 
0.017919853163122834 
0.017919853163122834 
0.017919853163122834 
0.017919853163122834 
0.017919853163122834 
0.017919853163122834 
0.017919853163122834 
0.017919853163122834 
0.017919853163122834 
0.017919853163122834 
0.017919853163122834 
0.017919853163122834 
0.017919853163122834 
0.017919853163122834 
0.017919853163122834 
0.017919853163122834 
0.017919853163122834 
0.017919853163122834 
0.017919853163122834 
0.017919853163122834 
0.017919853163122834 
0.017919853163122834 
0.017919853163122834 
0.017919853163122834 
0.017919853163122834 
0.017919853163122834 
0.017919853163122834 
0.017919853163122834 
0.017919853163122834 
0.017919853163122834 
0.017919853163122834 
0.017919853163122834 
0.017919853163122834 
0.017919853163122834 
0.017919853163122834 
0.017919853163122834 
0.017919853163122834 
0.017919853163122834 
0.017919853163122834 
0.017919853163122834 
0.017919853163122834 
0.017919853163122834 
0.017919853163122834 
0.017919853163122834 
0.017919853163122834 
0.017919853163122834 
0.017919853163122834 
0.017919853163122834 
0.017919853163122834 
0.017919853163122834 
0.017919853163122834 
0.017919853163122834 
0.017919853163122834 
0.017919853163122834 
0.017919853163122834 
0.017919853163122834 
0.017919853163122834 
0.017919853163122834 
0.017919853163122834 
0.017919853163122834 
0.017919853163122834 
0.017919853163122834 
0.017919853163122834 
0.017919853163122834 
0.017919853163122834 
0.017919853163122834 
0.017919853163122834 
0.017919853163122834 
0.017919853163122834 
0.017919853163122834 
0.017919853163122834 
0.017919853163122834 
0.017919853163122834 
0.017919853163122834 
0.017919853163122834 
0.017919853163122834 
0.017919853163122834 
0.017919853163122834 
0.017919853163122834 
0.017919853163122834 
0.017919853163122834 
0.017919853163122834 
0.017919853163122834 
0.017919853163122834 
0.017919853163122834 
0.017919853163122834 
0.017919853163122834 
0.017919853163122834 
0.017919853163122834 
0.017919853163122834 
0.017919853163122834 
0.017919853163122834 
0.017919853163122834 
0.017919853163122834 
0.017919853163122834 
0.017919853163122834 
0.017919853163122834 
0.017919853163122834 
0.017919853163122834 
0.017919853163122834 
0.017919853163122834 
0.017919853163122834 
0.017919853163122834 
0.017919853163122834 
0.017919853163122834 
0.017919853163122834 
0.017919853163122834 
0.017919853163122834 
0.017919853163122834 
0.017919853163122834 
0.017919853163122834 
0.017919853163122834 
0.017919853163122834 
0.017919853163122834 
0.017919853163122834 
0.017919853163122834 
0.017919853163122834 
0.017919853163122834 
0.017919853163122834 
0.017919853163122834 
0.017919853163122834 
0.017919853163122834 
0.017919853163122834 
0.017919853163122834 
0.017919853163122834 
0.017919853163122834 
0.017919853163122834 
0.017919853163122834 
0.017919853163122834 
0.017919853163122834 
0.017919853163122834 
0.017919853163122834 
0.017919853163122834 
0.017919853163122834 
0.017919853163122834 
0.017919853163122834 
0.017919853163122834 
0.017919853163122834 
0.017919853163122834 
0.017919853163122834 
0.017919853163122834 
0.017919853163122834 
0.017919853163122834 
0.017919853163122834 
0.017919853163122834 
0.017919853163122834 
0.017919853163122834 
0.017919853163122834 
0.017919853163122834 
0.017919853163122834 
0.017919853163122834 
0.017919853163122834 
0.017919853163122834 
0.017919853163122834 
0.017919853163122834 
0.017919853163122834 
0.017919853163122834 
0.017919853163122834 
0.017919853163122834 
0.017919853163122834 
0.017919853163122834 
0.017919853163122834 
0.017919853163122834 
0.017919853163122834 
0.017919853163122834 
0.017919853163122834 
0.017919853163122834 
0.017919853163122834 
0.017919853163122834 
0.017919853163122834 
0.017919853163122834 
0.017919853163122834 
0.017919853163122834 
0.017919853163122834 
0.017919853163122834 
0.017919853163122834 
0.017919853163122834 
0.017919853163122834 
0.017919853163122834 
0.017919853163122834 
0.017919853163122834 
0.017919853163122834 
0.017919853163122834 
0.017919853163122834 
0.017919853163122834 
0.017919853163122834 
0.017919853163122834 
0.017919853163122834 
0.017919853163122834 
0.017919853163122834 
0.017919853163122834 
0.017919853163122834 
0.017919853163122834 
0.017919853163122834 
0.017919853163122834 
0.017919853163122834 
0.017919853163122834 
0.017919853163122834 
0.017919853163122834 
0.017919853163122834 
0.017919853163122834 
0.017919853163122834 
0.017919853163122834 
0.017919853163122834 
0.017919853163122834 
0.017919853163122834 
0.017919853163122834 
0.017919853163122834 
0.017919853163122834 
0.017919853163122834 
0.017919853163122834 
0.017919853163122834 
0.017919853163122834 
0.017919853163122834 
0.017919853163122834 
0.017919853163122834 
0.017919853163122834 
0.017919853163122834 
0.017919853163122834 
0.017919853163122834 
0.017919853163122834 
0.017919853163122834 
0.017919853163122834 
0.017919853163122834 
0.017919853163122834 
0.017919853163122834 
0.017919853163122834 
0.017919853163122834 
0.017919853163122834 
0.017919853163122834 
0.017919853163122834 
0.017919853163122834 
0.017919853163122834 
0.017919853163122834 
0.017919853163122834 
0.017919853163122834 
0.017919853163122834 
0.017919853163122834 
0.017919853163122834 
0.017919853163122834 
0.017919853163122834 
0.017919853163122834 
0.017919853163122834 
0.017919853163122834 
0.017919853163122834 
0.017919853163122834 
0.017919853163122834 
0.017919853163122834 
0.017919853163122834 
0.017919853163122834 
0.017919853163122834 
0.017919853163122834 
0.017919853163122834 
0.017919853163122834 
0.017919853163122834 
0.017919853163122834 
0.017919853163122834 
0.017919853163122834 
0.017919853163122834 
0.017919853163122834 
0.017919853163122834 
0.017919853163122834 
0.017919853163122834 
0.017919853163122834 
0.017919853163122834 
0.017919853163122834 
0.017919853163122834 
0.017919853163122834 
0.017919853163122834 
0.017919853163122834 
0.017919853163122834 
0.017919853163122834 
0.017919853163122834 
0.017919853163122834 
0.017919853163122834 
0.017919853163122834 
0.017919853163122834 
0.017919853163122834 
0.017919853163122834 
0.017919853163122834 
0.017919853163122834 
0.017919853163122834 
0.017919853163122834 
0.017919853163122834 
0.017919853163122834 
0.017919853163122834 
0.017919853163122834 
0.017919853163122834 
0.017919853163122834 
0.017919853163122834 
0.017919853163122834 
0.017919853163122834 
0.017919853163122834 
0.017919853163122834 
0.017919853163122834 
0.017919853163122834 
0.017919853163122834 
0.017919853163122834 
0.017919853163122834 
0.017919853163122834 
0.017919853163122834 
0.017919853163122834 
0.017919853163122834 
0.017919853163122834 
0.017919853163122834 
0.017919853163122834 
0.017919853163122834 
0.017919853163122834 
0.017919853163122834 
0.017919853163122834 
0.017919853163122834 
0.017919853163122834 
0.017919853163122834 
0.017919853163122834 
0.017919853163122834 
0.017919853163122834 
0.017919853163122834 
0.017919853163122834 
0.017919853163122834 
0.017919853163122834 
0.017919853163122834 
0.017919853163122834 
0.017919853163122834 
0.017919853163122834 
0.017919853163122834 
0.017919853163122834 
0.017919853163122834 
0.017919853163122834 
0.017919853163122834 
0.017919853163122834 
0.017919853163122834 
0.017919853163122834 
0.017919853163122834 
0.017919853163122834 
0.017919853163122834 
