0.45854947946957048 
0.45854947946957048 
0.45854947946957048 
0.45854947946957048 
0.45854947946957048 
0.45854947946957048 
0.45854947946957048 
0.45854947946957048 
0.45854947946957048 
0.45854947946957048 
0.45854947946957048 
0.45854947946957048 
0.45854947946957048 
0.45854947946957048 
0.45854947946957048 
0.45854947946957048 
0.45854947946957048 
0.43856355371801314 
0.41106523709889442 
0.39368444490823884 
0.38131965175927129 
0.3650277552799549 
0.34537194989567854 
0.31848148298779921 
0.30143354137487588 
0.28781644104391735 
0.27231179277261186 
0.25104764115456568 
0.23743595757144653 
0.22674216283249715 
0.21446689022566989 
0.1973967204739564 
0.18661400956837748 
0.17841973598302574 
0.16850031633746998 
0.15611681117097997 
0.14817370946152186 
0.13823117299943044 
0.13041042487208343 
0.12379780753383685 
0.11712488071934246 
0.1079299680337471 
0.1019448886351294 
0.097401899795055757 
0.091935210313292659 
0.085178020069481608 
0.08082798802403246 
0.075305492416661735 
0.071020792832783286 
0.067488379683327104 
0.06384102489177168 
0.0587292106853331 
0.055462313193720858 
0.053072965191631738 
0.050003637568526549 
0.046409046136394183 
0.044039478123575115 
0.040948405242926644 
0.038617980084175496 
0.036779124250528206 
0.034766494263444581 
0.032201815785157684 
0.030569806105774755 
0.028456562266623631 
0.026837787536598934 
0.025553005106501492 
0.024165557433085239 
0.022385778024625158 
0.021256441883215071 
0.019793883434053194 
0.018672952647397989 
0.017784474520571858 
0.016822991368639406 
0.015592761559395929 
0.014811351413047791 
0.013797576997923944 
0.013022008278559927 
0.01240930658737105 
0.011742173022854741 
0.010893239647152497 
0.010352765817440046 
0.0096495292329477067 
0.0091131534497236322 
0.0086915138728085317 
0.0082281000100163926 
0.0076431262899487873 
0.0072694017038991143 
0.0067472638802701379 
0.0063586744340556889 
0.0060918477580430563 
0.0057193932791516078 
0.00533945954612014 
0.0050707295685608056 
0.0046775961549753164 
0.0044108430560004797 
0.0042417241083837487 
0.003855769195201697 
0.0036143383941082963 
0.0034616785276417872 
0.003301277673074976 
0.0031031852663082615 
0.002932858984103337 
0.0027817308325622792 
0.0025582954460097174 
0.0024163195762858525 
0.0023262757442682469 
0.0021169328904806495 
0.0019859838313748268 
0.0019031940385401125 
0.0018199440970299019 
0.0017130034204889677 
0.0016172244238167321 
0.0015355824241628513 
0.0014186341483523046 
0.0013419076830061272 
0.0012899760685544104 
0.0012145916309068694 
0.0011366465968291051 
0.0010820823022962278 
0.0010051473144309098 
0.00095140296379359057 
0.00091471795084907548 
0.00086269520714199466 
0.00080921160803926195 
0.00077160836436440672 
0.00071764015721809127 
0.00068047133888271549 
0.00065605827962567087 
0.00061915289847180865 
0.00058314864174591197 
0.00055715902139830131 
0.00051894337547297997 
0.00049327000317511693 
0.0004769933232222634 
0.00043999935822436331 
0.00041674094977695031 
0.00040203479092304484 
0.00038645763428857283 
0.00036738786586931749 
0.00035110985937469863 
0.00033655849538005711 
0.00031493568267293437 
0.00030126961542265018 
0.00029260253044516293 
0.00027255530831549191 
0.00025994906304405152 
0.00025197912504937303 
0.00024386892560912532 
0.00023357673552382163 
0.00022445035364104804 
0.00021659127311890458 
0.00020524734153104518 
0.00019786369992180752 
0.00019294889592880171 
0.00018561197301036891 
0.00017818942921199454 
0.00017293711116850297 
0.0001590900797939776 
0.00014848242247134102 
0.00014179397487223966 
0.00013056191005567097 
0.00012289570095758151 
0.00011804122202696554 
0.00011154123074408329 
0.00010533329912565392 
9.8314716316050266e-05 
9.3079093472892005e-05 
8.7890216144193012e-05 
8.2165589020966046e-05 
7.7709629153877025e-05 
7.3003502247925844e-05 
6.7146576244958567e-05 
6.3384325505233541e-05 
6.0822772821156335e-05 
5.735985961419221e-05 
5.3415862064754016e-05 
5.0827025068644893e-05 
4.6958223944959521e-05 
4.3483049608550317e-05 
4.1274869414964499e-05 
3.9374822197291159e-05 
3.661057235149201e-05 
3.4476509464420602e-05 
3.28793774173608e-05 
3.0826678254602946e-05 
2.8925787284639348e-05 
2.7441084359924872e-05 
2.5696071942471477e-05 
2.3758210076607611e-05 
2.2529226904710598e-05 
2.1207543068446633e-05 
1.9892324685355511e-05 
1.8890798050397173e-05 
1.7583180835223367e-05 
1.6627442467109788e-05 
1.5406342868784506e-05 
1.4593801161755238e-05 
1.3685635648741368e-05 
1.2964703914208897e-05 
1.2191300857611331e-05 
1.1406446855821706e-05 
1.0867430605299155e-05 
1.0052765126666863e-05 
9.3674718355529762e-06 
8.9032696917179521e-06 
8.3773221859484437e-06 
7.8414368531731782e-06 
7.3865179760490562e-06 
7.008706864652936e-06 
6.6277288118810063e-06 
6.2069105479789499e-06 
5.8764979381509264e-06 
5.4971451661778303e-06 
5.1012839871189541e-06 
4.8353805900402946e-06 
4.5476818916201367e-06 
4.2429155836520849e-06 
4.0307368082137529e-06 
3.7777977177633204e-06 
3.5485792924117021e-06 
3.3294852717080659e-06 
3.1472260489939785e-06 
2.968338064568421e-06 
2.7734560604786296e-06 
2.6259677063933395e-06 
2.4621240288791313e-06 
2.2704543169993485e-06 
2.1430231900154695e-06 
2.0401133743463973e-06 
1.9355500877615839e-06 
1.8007266079367312e-06 
1.6764227909193963e-06 
1.5865844853468758e-06 
1.4805246431048857e-06 
1.404558443329762e-06 
1.3242764166365717e-06 
1.2492179828349492e-06 
1.1678563568429112e-06 
1.0956586942167945e-06 
1.0364139828578089e-06 
9.6737282662129331e-07 
9.1708811544854996e-07 
8.6787148922962132e-07 
8.0738706720318021e-07 
7.6391050429780449e-07 
7.0369614524334878e-07 
6.6492990125066598e-07 
6.3733845345748108e-07 
5.9320573042587199e-07 
5.6094347100632547e-07 
5.278627203120223e-07 
4.9038809535328909e-07 
4.6654163388115677e-07 
4.3647392522494499e-07 
4.1143224871476036e-07 
3.8440771565895204e-07 
3.6486103693889049e-07 
3.4256642533758708e-07 
3.2199697497237167e-07 
3.0492462343989502e-07 
2.8535738350043971e-07 
2.6341256087469844e-07 
2.495601295615657e-07 
2.3362760714906727e-07 
2.2122578702266082e-07 
2.0968986225167185e-07 
1.9616417989976043e-07 
1.8661018563737031e-07 
1.7262407514540001e-07 
1.6334076435864375e-07 
1.5152218890701619e-07 
1.4327169750583124e-07 
1.3621403793795395e-07 
1.268408463817039e-07 
1.1993659687625779e-07 
1.1278539258086084e-07 
1.0556786478321811e-07 
1.0031303065982655e-07 
9.3217353835939321e-08 
8.8091343330987115e-08 
8.138202645113779e-08 
7.6942787474720831e-08 
7.395050316549856e-08 
6.8560581434340406e-08 
6.4827430867886449e-08 
6.0998029072223403e-08 
5.7017409238468986e-08 
5.4246564018534116e-08 
5.0430711162618991e-08 
4.7550555937192485e-08 
4.4410084831802976e-08 
4.2164847724457388e-08 
3.9569569620923062e-08 
3.7467708491334406e-08 
3.5279325016901453e-08 
3.2896513735281019e-08 
3.1112165066460307e-08 
2.9193556683182464e-08 
2.7389081003192928e-08 
2.5967044070540624e-08 
2.422228528864423e-08 
2.276975041848317e-08 
2.1469960698183854e-08 
2.0252696630862488e-08 
1.8817213676136646e-08 
1.7775899863181621e-08 
1.6752216169813039e-08 
1.5771516759244264e-08 
1.4730107800176029e-08 
1.394406501376011e-08 
1.3063358839104922e-08 
1.2225724876913091e-08 
1.1575682745679217e-08 
1.0840607633788579e-08 
1.026398921410987e-08 
9.6049347364512982e-09 
9.1185682338235097e-09 
8.4235252106878988e-09 
7.8549609039413326e-09 
7.4623981438648457e-09 
7.0690507891768561e-09 
6.5376964952790217e-09 
6.1542397844505103e-09 
5.9043732125729775e-09 
5.5581544922134185e-09 
5.1443060922196082e-09 
4.8666710661393608e-09 
4.5590492492308954e-09 
4.2926220356065414e-09 
4.0561535241678826e-09 
3.7657191809259416e-09 
3.5707177215016372e-09 
3.3620356498786919e-09 
3.1425896329650982e-09 
2.9708614457391036e-09 
2.7763159549110128e-09 
2.6358667470915975e-09 
2.4591033653820205e-09 
2.3144213212589193e-09 
2.1876509492813057e-09 
2.035334789596277e-09 
1.9387670358028686e-09 
1.8111343536020286e-09 
1.6856782636409662e-09 
1.5974360723092218e-09 
1.5247588747158147e-09 
1.3979268853603344e-09 
1.3162838596869619e-09 
1.2645336999739243e-09 
1.1701599689217801e-09 
1.08714015567557e-09 
1.0302786401794606e-09 
9.7329322379380301e-10 
9.2757301839441197e-10 
8.746361412903525e-10 
8.099405590655806e-10 
7.6684891769929209e-10 
7.2593386857278119e-10 
6.7625716138053349e-10 
6.3896310464883754e-10 
5.9351834558185601e-10 
5.6218318889023067e-10 
5.2841653275237377e-10 
4.9738879681626713e-10 
4.7033421601838654e-10 
4.3471359845170809e-10 
4.1193970456987472e-10 
3.8929071077831168e-10 
3.6491143440287033e-10 
3.450328911469569e-10 
3.2154012785667874e-10 
3.0486713153976552e-10 
2.8825275499855252e-10 
2.686066924439956e-10 
2.5412760784604416e-10 
2.3419033379212806e-10 
2.2131618759857474e-10 
2.1152934959189906e-10 
1.9733448208825166e-10 
1.8660273326531751e-10 
1.7527945761486308e-10 
1.6281986869870479e-10 
1.546863748203009e-10 
1.4508005907742927e-10 
1.3710965696134281e-10 
1.2654188807914579e-10 
1.1965239909983438e-10 
1.139132121963371e-10 
1.0676681760912743e-10 
1.0096457003783144e-10 
9.3893448571691351e-11 
8.8706708645247545e-11 
8.3954954099851875e-11 
7.8448691986920949e-11 
7.4157235907534869e-11 
6.8610672698810049e-11 
6.4984018166569513e-11 
6.0987548344826337e-11 
5.7787885587856636e-11 
5.434219740863e-11 
5.0838777632122856e-11 
4.8435810917624167e-11 
4.4746872873702159e-11 
4.1765479963373764e-11 
3.9696690379287247e-11 
3.728539699210387e-11 
3.494948774829254e-11 
3.2921887438419617e-11 
3.1190605653819148e-11 
2.955424793782413e-11 
2.7664870394517038e-11 
2.6148749832088924e-11 
2.4514723584445619e-11 
2.2737700611230593e-11 
2.1552537532443239e-11 
2.0282553414574522e-11 
1.8875234708559674e-11 
1.7930656959208591e-11 
1.6839307726002062e-11 
1.5828227617475932e-11 
1.4841239348584168e-11 
1.4038992190990029e-11 
1.3232082096692466e-11 
1.2333356558258401e-11 
1.1676992706100009e-11 
1.0984435583338836e-11 
1.012134820399524e-11 
9.553247082294547e-12 
9.1027185789016585e-12 
8.6368689977689428e-12 
8.0283557579718945e-12 
7.4508177405618881e-12 
7.0511374516968317e-12 
6.6009420152113307e-12 
6.2622129703981955e-12 
5.9109384054067959e-12 
5.5668802900754599e-12 
5.2418069884652141e-12 
4.8908654903812021e-12 
4.6250780982859396e-12 
4.3330894428095235e-12 
4.0681902291339611e-12 
3.8707925753556083e-12 
3.595790332155957e-12 
3.3792968423540515e-12 
3.1645797093915462e-12 
3.0061508837775364e-12 
2.8267388429981111e-12 
2.6477708914285358e-12 
2.5026647421100279e-12 
2.350897254643769e-12 
2.1924684290297591e-12 
2.0811130596598559e-12 
1.9269030815394217e-12 
1.8274270985330077e-12 
1.6969758931395518e-12 
1.5997203561823881e-12 
1.5378809337107668e-12 
1.4224177391497506e-12 
1.3287149158713873e-12 
1.251554415659939e-12 
1.1742828931460281e-12 
1.1173284519827575e-12 
1.0508260928077107e-12 
9.9498187466906529e-13 
9.3147711766050634e-13 
8.8029583622528662e-13 
8.2578388571619143e-13 
7.7271522513910895e-13 
7.3308026315999086e-13 
6.8567374000849668e-13 
6.3504757008558954e-13 
6.0151883474190981e-13 
5.6088467204062908e-13 
5.3079762807328734e-13 
5.0592863232168384e-13 
4.7273296388539165e-13 
4.4941828036826337e-13 
4.1855408028368402e-13 
3.9346303992715548e-13 
3.7048142331741474e-13 
3.510525203864745e-13 
3.2829294838165879e-13 
3.0453417565468044e-13 
2.8888003100746573e-13 
2.7156055182331329e-13 
2.5468516184901091e-13 
2.4069635173873394e-13 
2.2559731860383181e-13 
2.1316282072803006e-13 
1.9950707752514063e-13 
1.8951507030351422e-13 
1.7497114868092467e-13 
1.6364687382974807e-13 
1.5543122344752192e-13 
1.4688250615790821e-13 
1.3589129821411916e-13 
1.2778667013435552e-13 
1.2256862191861728e-13 
1.1535217225855376e-13 
1.0713652187632761e-13 
1.0136336214827679e-13 
9.5257135512838431e-14 
8.9039886574937555e-14 
8.4154905266586866e-14 
7.8825834748386114e-14 
7.4495964952348004e-14 
6.9499961341534799e-14 
6.5170091545496689e-14 
6.1617377866696188e-14 
5.773159728050814e-14 
5.4622972811557702e-14 
5.1403326040144748e-14 
4.8072656966269278e-14 
4.5630166312093934e-14 
4.2077452633293433e-14 
3.9968028886505635e-14 
3.8080649744642869e-14 
3.5194069880617462e-14 
3.3306690738754696e-14 
3.1530333899354446e-14 
2.9198865547641617e-14 
2.7866597918091429e-14 
2.5868196473766147e-14 
2.453592884421596e-14 
2.2648549702353193e-14 
2.1538326677728037e-14 
2.0539125955565396e-14 
1.9095836023552692e-14 
1.7763568394002505e-14 
1.6542323066914832e-14 
1.532107773982716e-14 
1.4765966227514582e-14 
1.3877787807814457e-14 
1.3322676295501878e-14 
1.2323475573339238e-14 
1.1435297153639112e-14 
1.099120794378905e-14 
1.0436096431476471e-14 
9.6589403142388619e-15 
9.1038288019262836e-15 
8.5487172896137054e-15 
8.1046280797636427e-15 
7.5495165674510645e-15 
7.1054273576010019e-15 
6.5503158452884236e-15 
6.3282712403633923e-15 
5.9952043329758453e-15 
5.5511151231257827e-15 
5.1070259132757201e-15 
4.9960036108132044e-15 
4.5519144009631418e-15 
4.2188474935755949e-15 
4.2188474935755949e-15 
3.7747582837255322e-15 
3.6637359812630166e-15 
3.219646771412954e-15 
3.1086244689504383e-15 
2.9976021664879227e-15 
2.7755575615628914e-15 
2.6645352591003757e-15 
2.55351295663786e-15 
2.3314683517128287e-15 
2.2204460492503131e-15 
1.9984014443252818e-15 
1.8873791418627661e-15 
1.6653345369377348e-15 
1.4432899320127035e-15 
1.4432899320127035e-15 
1.4432899320127035e-15 
1.3322676295501878e-15 
1.3322676295501878e-15 
1.2212453270876722e-15 
1.1102230246251565e-15 
9.9920072216264089e-16 
8.8817841970012523e-16 
8.8817841970012523e-16 
8.8817841970012523e-16 
8.8817841970012523e-16 
6.6613381477509392e-16 
6.6613381477509392e-16 
6.6613381477509392e-16 
6.6613381477509392e-16 
6.6613381477509392e-16 
5.5511151231257827e-16 
5.5511151231257827e-16 
5.5511151231257827e-16 
5.5511151231257827e-16 
4.4408920985006262e-16 
4.4408920985006262e-16 
4.4408920985006262e-16 
4.4408920985006262e-16 
2.2204460492503131e-16 
2.2204460492503131e-16 
2.2204460492503131e-16 
2.2204460492503131e-16 
2.2204460492503131e-16 
2.2204460492503131e-16 
2.2204460492503131e-16 
2.2204460492503131e-16 
2.2204460492503131e-16 
2.2204460492503131e-16 
2.2204460492503131e-16 
2.2204460492503131e-16 
2.2204460492503131e-16 
1.1102230246251565e-16 
1.1102230246251565e-16 
1.1102230246251565e-16 
1.1102230246251565e-16 
1.1102230246251565e-16 
1.1102230246251565e-16 
1.1102230246251565e-16 
1.1102230246251565e-16 
1.1102230246251565e-16 
0 
0 
0 
0 
0 
0 
0 
0 
0 
0 
0 
0 
0 
0 
0 
0 
0 
0 
0 
0 
0 
0 
0 
0 
0 
0 
0 
0 
0 
0 
0 
0 
0 
0 
0 
0 
0 
0 
0 
0 
0 
0 
0 
0 
0 
0 
0 
0 
0 
0 
0 
0 
0 
0 
0 
0 
0 
0 
0 
0 
0 
0 
0 
0 
0 
0 
0 
0 
0 
0 
0 
0 
0 
0 
0 
0 
0 
0 
0 
0 
0 
0 
0 
0 
0 
0 
0 
0 
0 
0 
0 
0 
0 
0 
0 
0 
0 
0 
0 
0 
0 
0 
0 
0 
0 
0 
0 
0 
0 
0 
0 
0 
0 
0 
0 
0 
0 
0 
0 
0 
0 
0 
0 
0 
0 
0 
0 
0 
0 
0 
0 
0 
0 
0 
0 
0 
0 
0 
0 
0 
0 
0 
0 
0 
0 
0 
0 
0 
0 
0 
0 
0 
0 
0 
0 
0 
0 
0 
0 
0 
0 
0 
0 
0 
0 
0 
0 
0 
0 
0 
0 
0 
0 
0 
0 
0 
0 
0 
0 
0 
0 
0 
0 
0 
0 
0 
0 
0 
0 
0 
0 
0 
0 
0 
0 
0 
0 
0 
0 
0 
0 
0 
0 
0 
0 
0 
0 
0 
0 
0 
0 
0 
0 
0 
0 
0 
0 
0 
0 
0 
0 
0 
0 
0 
0 
0 
0 
0 
0 
0 
0 
0 
0 
0 
0 
0 
0 
0 
0 
0 
0 
0 
0 
0 
0 
0 
0 
0 
0 
0 
0 
0 
0 
0 
0 
0 
0 
0 
0 
0 
0 
0 
0 
0 
0 
0 
0 
0 
0 
0 
0 
0 
0 
0 
0 
0 
0 
0 
0 
0 
0 
0 
0 
0 
0 
0 
0 
0 
0 
0 
0 
0 
0 
0 
0 
0 
0 
0 
0 
0 
0 
0 
0 
0 
0 
0 
0 
0 
0 
0 
0 
0 
0 
0 
0 
0 
0 
0 
0 
0 
0 
0 
0 
0 
0 
0 
0 
0 
0 
0 
0 
0 
0 
0 
0 
0 
0 
0 
0 
0 
0 
0 
0 
0 
0 
0 
0 
0 
0 
0 
0 
0 
0 
0 
0 
0 
0 
0 
0 
0 
0 
0 
0 
0 
0 
0 
0 
0 
0 
0 
0 
0 
0 
0 
0 
0 
0 
0 
0 
0 
0 
0 
0 
0 
0 
0 
