1.094469568562062 
1.094469568562062 
1.094469568562062 
0.9975503702764843 
0.87393422662898013 
0.79524721216993632 
0.74503097174570809 
0.71284496152820709 
0.69213276687271241 
0.67876255410402186 
0.67011232380736152 
0.66450708448604923 
0.66087112734254894 
0.65851092751461771 
0.65697814488474293 
0.65598240730028734 
0.65533541969446296 
0.6549149800651346 
0.65464173757340738 
0.65446414824507448 
0.65434872291270418 
0.65427369971384819 
0.65422493601520171 
0.6541932401944508 
0.65417263815745308 
0.65415924693755145 
0.65415054268861883 
0.65414488494540435 
0.65414120742017001 
0.65413881703208665 
0.64017287562147052 
0.61640322119864965 
0.60141415385267216 
0.58864888813077565 
0.57004985180815859 
0.55212947855586136 
0.53249117466470108 
0.51390203560702485 
0.49289512419843917 
0.4663732883616637 
0.44795681419869327 
0.42177235488240683 
0.40502520669019337 
0.37854539694943701 
0.36080586361327771 
0.34950812825011057 
0.32381760899725931 
0.30721783102382461 
0.29669153945669324 
0.28647471357831722 
0.27304334174043676 
0.25984069354607986 
0.24924029212198429 
0.23577109484534942 
0.22597587251197571 
0.21718381844742651 
0.20845915963732875 
0.19753882282085655 
0.18992015157087927 
0.18274270094557821 
0.17582195235641795 
0.167606161272152 
0.16160933429525504 
0.15553851587044676 
0.14404174572377038 
0.13489046527494941 
0.12909694808948913 
0.12131579513682722 
0.11450061672117973 
0.10651388167950182 
0.1011815505514192 
0.094511656956767776 
0.089444424831155556 
0.084215223245461046 
0.079526189938365577 
0.07544304742189345 
0.069886984471830726 
0.066293898765037218 
0.062694306384829646 
0.058040769125518588 
0.054927601908924983 
0.05154486765071209 
0.048833866568106843 
0.045838100730612341 
0.042938823204406562 
0.040804835828055275 
0.038181352976764393 
0.035176740177588872 
0.033194237289167705 
0.031936224167491756 
0.029673011426093798 
0.02731530163396656 
0.025774700260397299 
0.024797090584841586 
0.023121552921278599 
0.021574047985523648 
0.020305550128760452 
0.019305461347059349 
0.018400256485454292 
0.017206786420328024 
0.015839163733732731 
0.014929085598260228 
0.014228855781817984 
0.013490353842173786 
0.012499825020854227 
0.011874963424517881 
0.010971057385403049 
0.010401359586445724 
0.0096862614973669547 
0.0091514959819527508 
0.0088123761471093909 
0.0080495231269337442 
0.0075636563891590125 
0.0071003663088972102 
0.0067407949348352592 
0.0064654613163447339 
0.0059648000708172333 
0.005613409856081053 
0.0053907163904982625 
0.004952252431979276 
0.0046394634518731603 
0.0043751218550481807 
0.0041370045520182641 
0.0039640346338094545 
0.0036350909312788948 
0.0034183442304528411 
0.0032769454290413336 
0.0030980414755304997 
0.0028459309621401419 
0.002685040614749945 
0.0025462754698076795 
0.0024032807161227243 
0.002276356222267073 
0.0021095963985187094 
0.001971411057623329 
0.0018753139779934536 
0.001767953420933388 
0.0016362513712117055 
0.0015449364412886135 
0.0014628769129968466 
0.001383703019245508 
0.0012978708252535665 
0.0012011945322362161 
0.0011384472059888795 
0.0010756415957045018 
0.0010122026141816676 
0.00095712597626429474 
0.0008913214273340575 
0.0008477112995984859 
0.00079599563249432848 
0.00074434454551119966 
0.00070772833962962078 
0.00065649669754319628 
0.00061581576307345731 
0.00058691364713603367 
0.00054202636407962856 
0.00051102380755663201 
0.00047732585895710056 
0.0004557077104364593 
0.00042411386384322292 
0.00039416271156866856 
0.000372268765033823 
0.00035706156118142651 
0.0003330746770016102 
0.0003146522517675221 
0.00029292005024772472 
0.0002772560460333473 
0.00025979899743866497 
0.00024411328342865968 
0.00023118863266269329 
0.00021562346885195538 
0.0002022864137301017 
0.00019163786156439766 
0.00018126701924059407 
0.00016863526769239634 
0.00016029687097596224 
0.0001506709958930541 
0.00013958248921219774 
0.00013237774132779379 
0.0001228481148016769 
0.00011592307792884782 
0.00011100319166634787 
0.00010382260255881182 
9.8136520387481774e-05 
9.2112630616369984e-05 
8.5870985274794087e-05 
8.1067341492269129e-05 
7.6764995521894086e-05 
7.1757176801856559e-05 
6.6875024358092894e-05 
6.3456501313785552e-05 
5.8739331918800097e-05 
5.5608167581766565e-05 
5.2142107396124793e-05 
4.9525678102124715e-05 
4.5609492757892056e-05 
4.3096845873780154e-05 
4.1031577329708746e-05 
3.8742527710300401e-05 
3.623087483706211e-05 
3.4179025407143904e-05 
3.2305543438027051e-05 
3.036677962553469e-05 
2.831949969661629e-05 
2.7024579703938123e-05 
2.5086822075137682e-05 
2.3780592556699176e-05 
2.2322759765991407e-05 
2.0816791952427138e-05 
1.9789608236897571e-05 
1.8259075709514683e-05 
1.72856825240153e-05 
1.5960190801078689e-05 
1.5098701345417354e-05 
1.445875387973139e-05 
1.3650057079539479e-05 
1.2820332561558345e-05 
1.2056379100955361e-05 
1.1243171806896157e-05 
1.0683572089886795e-05 
9.9354848235311266e-06 
9.264826522081826e-06 
8.7596836411130141e-06 
8.1534690986595493e-06 
7.7204242466821782e-06 
7.3722167579504116e-06 
6.8649838333989521e-06 
6.5027247192483983e-06 
6.1164868827567886e-06 
5.6510854599123306e-06 
5.3472994052672362e-06 
5.0221433758323997e-06 
4.7565634050394934e-06 
4.4816585387241759e-06 
4.1753632007424102e-06 
3.9667540744359187e-06 
3.7296280502863155e-06 
3.4601212048901431e-06 
3.2891156972469915e-06 
3.0573558171820281e-06 
2.9064217864638309e-06 
2.6734374879433531e-06 
2.515273559766662e-06 
2.4150912873999175e-06 
2.2674194833927075e-06 
2.1076575075218429e-06 
1.996983514995776e-06 
1.853483143854362e-06 
1.7608567040028333e-06 
1.6638949228431343e-06 
1.5674428939238538e-06 
1.4823513080353123e-06 
1.3786022974304757e-06 
1.3066420200269491e-06 
1.2289801825104973e-06 
1.1457013846527531e-06 
1.0899356260862803e-06 
1.0208207079642762e-06 
9.4289729313246085e-07 
8.8920664476077604e-07 
8.4446654735614857e-07 
8.0069703189966646e-07 
7.4527944715629957e-07 
7.0185245959475395e-07 
6.6400267428878834e-07 
6.220324197947491e-07 
5.8458078677769976e-07 
5.5453102854041703e-07 
5.1142041268548155e-07 
4.8285257714386631e-07 
4.5496154077451223e-07 
4.3152702211557425e-07 
4.0334028239552566e-07 
3.7949633735490096e-07 
3.5742655846160432e-07 
3.3475736571642045e-07 
3.1911278386420605e-07 
2.9481867425129593e-07 
2.7548898651197362e-07 
2.6098050331935241e-07 
2.4558432809573816e-07 
2.3311234054190777e-07 
2.1998509069920402e-07 
2.0439837922214821e-07 
1.9452894750582317e-07 
1.7980624322788685e-07 
1.6898616950200562e-07 
1.5994954583042897e-07 
1.5076931492163936e-07 
1.4185580987646773e-07 
1.3381814956137106e-07 
1.2598382381767692e-07 
1.1724731519002773e-07 
1.1143003264546536e-07 
1.0446298448485436e-07 
9.7417833799795517e-08 
9.2344649704756421e-08 
8.5116003911700489e-08 
8.0509163780106974e-08 
7.733350004812678e-08 
7.236515442432534e-08 
6.8394085506184865e-08 
6.4177286929201216e-08 
5.9721818934654891e-08 
5.6768583278632434e-08 
5.3185593817950405e-08 
5.021671334315414e-08 
4.6584533675009254e-08 
4.4240477059531713e-08 
4.1141222206775296e-08 
3.888497812631897e-08 
3.6048593554660613e-08 
3.4260992043400051e-08 
3.1858296667408581e-08 
3.0106987236599991e-08 
2.8607989643880671e-08 
2.7009036562830602e-08 
2.5321741481398874e-08 
2.3651541503078022e-08 
2.2432069313182978e-08 
2.099233453733973e-08 
1.9682106944252098e-08 
1.8622504649457028e-08 
1.7223837245339269e-08 
1.6309861350372046e-08 
1.549787009835768e-08 
1.4547691939981178e-08 
1.3804616116885882e-08 
1.2840882579467916e-08 
1.2077471689408981e-08 
1.1359772011942937e-08 
1.0717220222389301e-08 
1.0132869543433287e-08 
9.4098749903182011e-09 
8.949248342382532e-09 
8.2691427039094378e-09 
7.8086584975878282e-09 
7.3290460367303467e-09 
6.9986778594710586e-09 
6.4827843093695492e-09 
6.1245327698244978e-09 
5.7006623865873962e-09 
5.3896082041759996e-09 
5.1501944930976151e-09 
4.7564193694782375e-09 
4.5085184474658035e-09 
4.271548337264619e-09 
3.9264108631087424e-09 
3.7093776938945666e-09 
3.5238234552537051e-09 
3.3401733601223782e-09 
3.1185095616947933e-09 
2.8767430659826232e-09 
2.7235168564843093e-09 
2.5847464169004297e-09 
2.4543675980481794e-09 
2.2997330706431285e-09 
2.1630679469808456e-09 
2.0222801211389196e-09 
1.9124355432609264e-09 
1.8067202178784214e-09 
1.6767512933668627e-09 
1.5815724285772603e-09 
1.48772050234669e-09 
1.3997759618078476e-09 
1.3287332345512937e-09 
1.2400273030621634e-09 
1.1642001807032898e-09 
1.1061451754557083e-09 
1.0225569280208902e-09 
9.4826468899356087e-10 
8.996585698639592e-10 
8.5182483289258926e-10 
8.0305662120139232e-10 
7.5783934683215648e-10 
7.0515071559640319e-10 
6.6872418713614934e-10 
6.2294569502796548e-10 
5.8691873583427423e-10 
5.5529847386992515e-10 
5.1980852955324508e-10 
4.9312987027150257e-10 
4.6593817693008077e-10 
4.3386760850694372e-10 
4.0521164201834381e-10 
3.8520930889518468e-10 
3.5976144285854161e-10 
3.3804847809904004e-10 
3.1785574172715769e-10 
2.9879398955046099e-10 
2.8351632153089668e-10 
2.6661295393637374e-10 
2.4659041475416643e-10 
2.3381796498966878e-10 
2.1805679484288021e-10 
2.066818938217807e-10 
1.9240953275101447e-10 
1.814177696957131e-10 
1.739175470305554e-10 
1.6121026735760324e-10 
1.5275369857903343e-10 
1.4238121792686798e-10 
1.3455059288958182e-10 
1.2654233216835564e-10 
1.1958090073704852e-10 
1.1259060350710115e-10 
1.0589273902184004e-10 
9.8215546806557086e-11 
9.3015262159212853e-11 
8.77673489441122e-11 
8.1602058443763781e-11 
7.7456596692115909e-11 
7.2424621855304849e-11 
6.8171468470268337e-11 
6.4368732566322251e-11 
6.0028204629247739e-11 
5.7194804448101877e-11 
5.3202664496154739e-11 
4.9551140968162599e-11 
4.693057054083738e-11 
4.3835823859694756e-11 
4.1698200448081479e-11 
3.8811842628660997e-11 
3.6535663383574501e-11 
3.4811709070936558e-11 
3.2737923483239229e-11 
3.1042168835426764e-11 
2.8590352307844569e-11 
2.6901703087389706e-11 
2.5394464309158593e-11 
2.4118929076166751e-11 
2.2364332608049153e-11 
2.1120993842771441e-11 
1.9787504967894165e-11 
1.8712587035452088e-11 
1.774924651698484e-11 
1.6366463739814208e-11 
1.5496381955415472e-11 
1.4764967026792419e-11 
1.3628098649576259e-11 
1.2909118218829008e-11 
1.2138179350529299e-11 
1.1478817896204419e-11 
1.0687672968856532e-11 
1.0103584635601237e-11 
9.5261576404936932e-12 
9.0225604765237222e-12 
8.3877349510430577e-12 
7.9745099412775744e-12 
7.351119712950549e-12 
6.9546590708569056e-12 
6.4591665349666982e-12 
6.1131100181910369e-12 
5.8270055447451341e-12 
5.485500942370436e-12 
5.1667559120005535e-12 
4.8431259003223204e-12 
4.5583536945059677e-12 
4.3062220456135947e-12 
4.0223380182169421e-12 
3.805067372297799e-12 
3.5826897004653802e-12 
3.3015812306302905e-12 
3.1229463459681028e-12 
2.9779512189520574e-12 
2.7438051830586119e-12 
2.5953683646662284e-12 
2.4659163599949352e-12 
2.3115953595720384e-12 
2.1944668304740844e-12 
2.0240475961941229e-12 
1.9150236951759325e-12 
1.7925660955597778e-12 
1.6955326032075391e-12 
1.6030510252562635e-12 
1.5060175329040248e-12 
1.4043211038483605e-12 
1.3324896741551129e-12 
1.2453371667220381e-12 
1.1795009413617663e-12 
1.1042278202921807e-12 
1.0448308884747348e-12 
9.808820422563258e-13 
9.1160412551971604e-13 
8.6586293690515959e-13 
8.1612494540195257e-13 
7.5373041141801878e-13 
7.1376238253151314e-13 
6.6546768096031883e-13 
6.2860827654276363e-13 
5.9974247790250956e-13 
5.5588866842981588e-13 
5.2657878057971175e-13 
4.950484466803573e-13 
4.6318504587361531e-13 
4.4031445156633708e-13 
4.1200376443839559e-13 
3.8735681329171712e-13 
3.6470826358936392e-13 
3.4194869158454821e-13 
3.2407410088808319e-13 
3.0209168500050509e-13 
2.8033131371785203e-13 
2.6612045900265002e-13 
2.4913404672588513e-13 
2.3725466036239595e-13 
2.1727064591914313e-13 
2.0439205883349132e-13 
1.9639845305619019e-13 
1.8407497748285095e-13 
1.6997514507011147e-13 
1.6020518245341009e-13 
1.5287771049088406e-13 
1.4532819392343299e-13 
1.3600232051658168e-13 
1.2545520178264269e-13 
1.1890488593735427e-13 
1.1102230246251565e-13 
1.0491607582707729e-13 
1.0025313912365164e-13 
9.4035890185750759e-14 
8.8928864272475039e-14 
8.3155704544424225e-14 
7.638334409421077e-14 
7.2275518903097691e-14 
6.872280522429719e-14 
6.4948046940571658e-14 
6.0951244051921094e-14 
5.6732396558345499e-14 
5.3845816694320092e-14 
5.0404125317982107e-14 
4.7628567756419216e-14 
4.4741987892393809e-14 
4.2077452633293433e-14 
3.9968028886505635e-14 
3.7192471324942744e-14 
3.5194069880617462e-14 
3.3306690738754696e-14 
3.1197266991966899e-14 
2.8976820942716586e-14 
2.7533531010703882e-14 
2.5313084961453569e-14 
2.3869795029440866e-14 
2.2204460492503131e-14 
2.0983215165415459e-14 
2.0317081350640365e-14 
1.8873791418627661e-14 
1.7541523789077473e-14 
1.6764367671839864e-14 
1.5654144647214707e-14 
1.4765966227514582e-14 
1.3988810110276972e-14 
1.2989609388114332e-14 
1.2212453270876722e-14 
1.1435297153639112e-14 
1.0880185641326534e-14 
1.021405182655144e-14 
9.5479180117763462e-15 
9.1038288019262836e-15 
8.5487172896137054e-15 
7.8825834748386114e-15 
7.5495165674510645e-15 
6.9944050551384862e-15 
6.4392935428259079e-15 
6.106226635438361e-15 
5.6621374255882984e-15 
5.3290705182007514e-15 
4.9960036108132044e-15 
4.5519144009631418e-15 
4.5519144009631418e-15 
4.4408920985006262e-15 
3.9968028886505635e-15 
3.7747582837255322e-15 
3.4416913763379853e-15 
3.3306690738754696e-15 
2.9976021664879227e-15 
2.6645352591003757e-15 
2.55351295663786e-15 
2.4424906541753444e-15 
2.4424906541753444e-15 
2.4424906541753444e-15 
2.1094237467877974e-15 
2.1094237467877974e-15 
1.9984014443252818e-15 
1.8873791418627661e-15 
1.7763568394002505e-15 
1.5543122344752192e-15 
1.4432899320127035e-15 
1.4432899320127035e-15 
1.3322676295501878e-15 
1.1102230246251565e-15 
9.9920072216264089e-16 
9.9920072216264089e-16 
8.8817841970012523e-16 
8.8817841970012523e-16 
8.8817841970012523e-16 
7.7715611723760958e-16 
7.7715611723760958e-16 
7.7715611723760958e-16 
7.7715611723760958e-16 
5.5511151231257827e-16 
5.5511151231257827e-16 
5.5511151231257827e-16 
5.5511151231257827e-16 
5.5511151231257827e-16 
4.4408920985006262e-16 
4.4408920985006262e-16 
4.4408920985006262e-16 
4.4408920985006262e-16 
2.2204460492503131e-16 
2.2204460492503131e-16 
2.2204460492503131e-16 
2.2204460492503131e-16 
2.2204460492503131e-16 
2.2204460492503131e-16 
2.2204460492503131e-16 
2.2204460492503131e-16 
2.2204460492503131e-16 
2.2204460492503131e-16 
2.2204460492503131e-16 
2.2204460492503131e-16 
1.1102230246251565e-16 
1.1102230246251565e-16 
1.1102230246251565e-16 
1.1102230246251565e-16 
1.1102230246251565e-16 
1.1102230246251565e-16 
1.1102230246251565e-16 
0 
0 
0 
0 
0 
0 
0 
0 
0 
0 
0 
0 
0 
0 
0 
0 
0 
0 
0 
0 
0 
0 
0 
0 
0 
0 
0 
0 
0 
0 
0 
0 
0 
0 
0 
0 
0 
0 
0 
0 
0 
0 
0 
0 
0 
0 
0 
0 
0 
0 
0 
0 
0 
0 
0 
0 
0 
0 
0 
0 
0 
0 
0 
0 
0 
0 
0 
0 
0 
0 
0 
0 
0 
0 
0 
0 
0 
0 
0 
0 
0 
0 
0 
0 
0 
0 
0 
0 
0 
0 
0 
0 
0 
0 
0 
0 
0 
0 
0 
0 
0 
0 
0 
0 
0 
0 
0 
0 
0 
0 
0 
0 
0 
0 
0 
0 
0 
0 
0 
0 
0 
0 
0 
0 
0 
0 
0 
0 
0 
0 
0 
0 
0 
0 
0 
0 
0 
0 
0 
0 
0 
0 
0 
0 
0 
0 
0 
0 
0 
0 
0 
0 
0 
0 
0 
0 
0 
0 
0 
0 
0 
0 
0 
0 
0 
0 
0 
0 
0 
0 
0 
0 
0 
0 
0 
0 
0 
0 
0 
0 
0 
0 
0 
0 
0 
0 
0 
0 
0 
0 
0 
0 
0 
0 
0 
0 
0 
0 
0 
0 
0 
0 
0 
0 
0 
0 
0 
0 
0 
0 
0 
0 
0 
0 
0 
0 
0 
0 
0 
0 
0 
0 
0 
0 
0 
0 
0 
0 
0 
0 
0 
0 
0 
0 
0 
0 
0 
0 
0 
0 
0 
0 
0 
0 
0 
0 
0 
0 
0 
0 
0 
0 
0 
0 
0 
0 
0 
0 
0 
0 
0 
0 
0 
0 
0 
0 
0 
0 
0 
0 
0 
0 
0 
0 
0 
0 
0 
0 
0 
0 
0 
0 
0 
0 
0 
0 
0 
0 
0 
0 
0 
0 
0 
0 
0 
0 
0 
0 
0 
0 
0 
0 
0 
0 
0 
0 
0 
0 
0 
0 
0 
0 
0 
0 
0 
0 
0 
0 
0 
0 
0 
0 
0 
0 
0 
0 
0 
0 
0 
0 
0 
0 
0 
0 
0 
0 
0 
0 
0 
0 
0 
0 
0 
0 
0 
0 
0 
0 
0 
0 
0 
0 
0 
0 
0 
0 
0 
0 
0 
0 
0 
0 
0 
0 
0 
0 
0 
0 
0 
0 
0 
0 
