0.37920092987874154 
0.37251029662624136 
0.36875573230240488 
0.36656599967935133 
0.36524848492369788 
0.36443676811558356 
0.36392801337916891 
0.3636052885323906 
0.36339888202654369 
0.36326613911557015 
0.36318045666242971 
0.36312501673463138 
0.36308908795059625 
0.36306577951846863 
0.36305064816693577 
0.36304082087048284 
0.36303443654242173 
0.36303028817185701 
0.3630275923405174 
0.35936823159610531 
0.33382808866917435 
0.31774803041562638 
0.30700971169516644 
0.29041594351004507 
0.27293202343855993 
0.2608163992286231 
0.24416187555630342 
0.23218129912008056 
0.22371759360362542 
0.21232782364757818 
0.20026453680585277 
0.19188282624189912 
0.17968260405010594 
0.17129123653208389 
0.16596640929214779 
0.15395305277465021 
0.14638972179484777 
0.14160124579432054 
0.13627150106352426 
0.13000254480081086 
0.12498305796549791 
0.11991986893333229 
0.11387853503078493 
0.10988106891956806 
0.10391637652862251 
0.099841588017177241 
0.097257691826471704 
0.09161109068832396 
0.087962265989212529 
0.085653416270168314 
0.082941566408985756 
0.079927258341237373 
0.077639370646020223 
0.07328866535969536 
0.068418214177071612 
0.065341336438536679 
0.060314868211286954 
0.056961080363689742 
0.053345063668803205 
0.050783571409843242 
0.047302879291792888 
0.044596448538085753 
0.042485995041988023 
0.040198482434252392 
0.037414111429694086 
0.035017918659065339 
0.033202578020134377 
0.030760740400486264 
0.029188397871028005 
0.027348534483630949 
0.025788690288069072 
0.024583618395611406 
0.022771794262156364 
0.021542586274457931 
0.02040682853775444 
0.018963576876289245 
0.018048132818717089 
0.016776783262272388 
0.015880842213409463 
0.014575064550384487 
0.013747154573666598 
0.013222104826356329 
0.012313689995193444 
0.011613591662966272 
0.010828750039848067 
0.010278136021381612 
0.0096696568026867213 
0.0092100024911904166 
0.0085425053355995262 
0.008064618788732103 
0.0075544673225861336 
0.0071493361958274715 
0.0067452444381442822 
0.00630131794696287 
0.0059189322625209373 
0.0056042596139525003 
0.0052528506010852682 
0.0049173252339714812 
0.0046551009183625203 
0.0043506168767084574 
0.0040907312948748054 
0.0038550263132328677 
0.0036290511928712688 
0.0034249640740350307 
0.0031995096025578817 
0.0030374871906804213 
0.0028092620844194505 
0.0026334575939856997 
0.0025023743266308074 
0.002356292083576017 
0.0021780505731027189 
0.0020502973332258145 
0.0019668063433483374 
0.0018513921784196752 
0.001728230120337626 
0.0016263265897417112 
0.001540710967122827 
0.0014280395575403393 
0.0013499301127619656 
0.0012627298330369907 
0.0011945451316458522 
0.0011263961877532314 
0.0010461591262821424 
0.00098901219461422496 
0.00093306487330946375 
0.00088104686744194805 
0.00083585325426671631 
0.0007799113225070986 
0.00072926629727632086 
0.00068881308129975505 
0.00065202278069964592 
0.00060891422899600478 
0.0005663151186552362 
0.00053676860297713347 
0.00050482884285285579 
0.00047382634862658257 
0.00044772017034655498 
0.00041839420991940379 
0.00039889115298707978 
0.00037069400654798912 
0.00035199905875193949 
0.00032838478572083662 
0.00030858819748247335 
0.00029294190024686806 
0.00027262168768238393 
0.00025305313371482008 
0.00023967153741266678 
0.00022289421275012433 
0.00021098270475772285 
0.00020239381319009375 
0.00018729867811229095 
0.00017763856495178754 
0.0001643485467640593 
0.00015553678740898302 
0.00014620522431452176 
0.00013802798894635426 
0.00013121388812797896 
0.0001214047609054969 
0.00011504837488618413 
0.00010814445280971086 
0.00010179454877801142 
9.5761608460698255e-05 
9.0020437618520965e-05 
8.5460531946468521e-05 
7.9201253233240898e-05 
7.5194756118057704e-05 
6.9804184361088595e-05 
6.5631041752944874e-05 
6.2176802623992167e-05 
5.8845308732125012e-05 
5.4998252775773082e-05 
5.1896261151651579e-05 
4.8783193699164507e-05 
4.6045832837182665e-05 
4.2901846871168381e-05 
4.0629775940992374e-05 
3.7988835931423992e-05 
3.5991547609026675e-05 
3.3771277204275307e-05 
3.1463842343870674e-05 
2.9860306710816076e-05 
2.7776712816618421e-05 
2.5905261847980476e-05 
2.4616707427815854e-05 
2.3299207877025552e-05 
2.1375630974262982e-05 
2.0123416065276345e-05 
1.9329779970878036e-05 
1.8005139383769908e-05 
1.6665052245290468e-05 
1.5767970436786349e-05 
1.5059386940463604e-05 
1.4164040230801866e-05 
1.3357550181614108e-05 
1.2537065673057235e-05 
1.1739265751042893e-05 
1.1182534054521298e-05 
1.0347459401205406e-05 
9.7679562220953642e-06 
9.1071135167597461e-06 
8.6582264614554205e-06 
8.1099339647172641e-06 
7.7397911332210967e-06 
7.1778010027889749e-06 
6.7309430917816826e-06 
6.370508109698747e-06 
5.9760269454089965e-06 
5.6510027132139484e-06 
5.3507811310637976e-06 
4.9503404421225028e-06 
4.6395457170556043e-06 
4.3861915289822306e-06 
4.1134748061111281e-06 
3.9304274143114881e-06 
3.646839054627371e-06 
3.371476312130639e-06 
3.1863100480311601e-06 
2.9831912964350948e-06 
2.8236890993182939e-06 
2.6802796226910175e-06 
2.5485988014439798e-06 
2.3659070573778251e-06 
2.1923813069424369e-06 
2.0727545779752887e-06 
1.945629992117226e-06 
1.8459572935780599e-06 
1.7542015483540396e-06 
1.6246861134217028e-06 
1.5351812284736255e-06 
1.4442395138702935e-06 
1.3688082082241593e-06 
1.2729307143910518e-06 
1.2009901185772165e-06 
1.132613815846284e-06 
1.0708557212080194e-06 
1.0064909606866124e-06 
9.4370833780832442e-07 
8.9335592368122718e-07 
8.3824756791361921e-07 
7.7935813946883314e-07 
7.39300215601979e-07 
6.909063545723626e-07 
6.4350324191497776e-07 
6.1155141983793015e-07 
5.7818026766298658e-07 
5.3805709010479319e-07 
5.0950753749390287e-07 
4.7870376662650926e-07 
4.5307469209721063e-07 
4.21441389342192e-07 
3.9988514888289473e-07 
3.719751073827382e-07 
3.4808994953117178e-07 
3.3080665617912786e-07 
3.1214815610081104e-07 
2.8632006932038934e-07 
2.694778501455275e-07 
2.5880415477352869e-07 
2.3895201339829697e-07 
2.2539802968513101e-07 
2.1022761764744047e-07 
1.9972468401352472e-07 
1.8922283495648173e-07 
1.7851260980528139e-07 
1.6747101305725209e-07 
1.5837430855647483e-07 
1.481569161798646e-07 
1.378882056313202e-07 
1.3031293233378705e-07 
1.2290621664856616e-07 
1.1678199962616986e-07 
1.1006618316766748e-07 
1.0276529671671142e-07 
9.6692596374126083e-08 
9.0669088681494259e-08 
8.5981718855876466e-08 
7.9909375338971245e-08 
7.4072260991542294e-08 
7.0351402925439288e-08 
6.7205145670712341e-08 
6.1514817795149668e-08 
5.7896911598298573e-08 
5.5604072124459947e-08 
5.152197923852242e-08 
4.8141535313739325e-08 
4.5640637047483779e-08 
4.2824947588115947e-08 
4.0767173525857459e-08 
3.8438468963342132e-08 
3.5610907334060471e-08 
3.3799356535801905e-08 
3.165100970203838e-08 
2.9671435974876204e-08 
2.8042206556833094e-08 
2.6148086473831711e-08 
2.4828767153373121e-08 
2.3308647567610308e-08 
2.1844640984980401e-08 
2.0657384025568604e-08 
1.9121517924602927e-08 
1.81095993756486e-08 
1.7295856080679073e-08 
1.6018201209888616e-08 
1.5144829501601009e-08 
1.4308573659249646e-08 
1.3375680674165835e-08 
1.2710414609706788e-08 
1.1767893992598033e-08 
1.1119175247209512e-08 
1.0328728650144114e-08 
9.7674864862895561e-09 
9.3653280686112339e-09 
8.6551046329930159e-09 
8.1837058241163163e-09 
7.7208706095177604e-09 
7.2463309797043962e-09 
6.8953867060628227e-09 
6.3664992167034029e-09 
6.0142977265087438e-09 
5.606755060227897e-09 
5.330807351100475e-09 
4.9942912028200226e-09 
4.7652806145492832e-09 
4.416724097566771e-09 
4.1459086164152836e-09 
3.9195285905790911e-09 
3.6811509396272868e-09 
3.4792071446076989e-09 
3.2943686667508132e-09 
3.0495777014749592e-09 
2.8540322327685885e-09 
2.7021610504718296e-09 
2.5302741013533137e-09 
2.4176259882935369e-09 
2.2467762095246258e-09 
2.0757121577119619e-09 
1.9617052426923465e-09 
1.8380368338455355e-09 
1.7398052998274238e-09 
1.6501844335436999e-09 
1.5687059429225769e-09 
1.4709343743035674e-09 
1.3793444164633684e-09 
1.2991832054609631e-09 
1.2118729353360891e-09 
1.1499163843353699e-09 
1.0651872717204469e-09 
1.0037659592398995e-09 
9.4815444384721559e-10 
8.9906004863138378e-10 
8.4218798601654044e-10 
7.9278916764735641e-10 
7.4343819989053372e-10 
7.0550376651823399e-10 
6.5534289106494725e-10 
6.1900629066968804e-10 
5.8027749272326901e-10 
5.5070070725804499e-10 
5.1239956722071156e-10 
4.7996906449299104e-10 
4.5567549733505075e-10 
4.2235082098329713e-10 
3.9699799003756198e-10 
3.7669434238551958e-10 
3.5593161751279467e-10 
3.2638347580160598e-10 
3.0727032029886914e-10 
2.9515645483257913e-10 
2.755506933738161e-10 
2.5427948635581288e-10 
2.4056079350742721e-10 
2.3057755704769534e-10 
2.1627255542000512e-10 
2.0395651834093087e-10 
1.9120893757218482e-10 
1.7981582889348147e-10 
1.7099377469520505e-10 
1.5766787875293176e-10 
1.4895329414343905e-10 
1.3958412203862736e-10 
1.3227352546607563e-10 
1.2423062578648114e-10 
1.1594136761772234e-10 
1.0962630803135198e-10 
1.0215128742885327e-10 
9.6785579550839884e-11 
9.1772700550052377e-11 
8.4979578929278432e-11 
8.0339956909369903e-11 
7.5881301242475274e-11 
7.1581851557311893e-11 
6.7900463029957336e-11 
6.3389959947812713e-11 
5.9268701058101669e-11 
5.5954463284990652e-11 
5.2995163812852297e-11 
4.9462989260007362e-11 
4.6018300281502889e-11 
4.3616776856936212e-11 
4.1006642526042469e-11 
3.8514746947271306e-11 
3.636702050613394e-11 
3.4009572935644883e-11 
3.241185098090682e-11 
3.0109137405531783e-11 
2.8591795597776581e-11 
2.6335600367133338e-11 
2.4895308037287123e-11 
2.3448465391595619e-11 
2.2387758313868744e-11 
2.0483170715124288e-11 
1.9290458119769482e-11 
1.8498202969396971e-11 
1.7428614107473095e-11 
1.6320500506594726e-11 
1.521249792801882e-11 
1.4509504708826171e-11 
1.3423484546137843e-11 
1.2674639116028175e-11 
1.1693979118376774e-11 
1.1052159187840971e-11 
1.0645040404710926e-11 
9.8714370011521169e-12 
9.2568175347196302e-12 
8.7010398885922768e-12 
8.1497031345634241e-12 
7.7524653363525431e-12 
7.2569728004623357e-12 
6.9372285693702906e-12 
6.4227512197589931e-12 
5.985656414964069e-12 
5.6609161802612107e-12 
5.2565729546927287e-12 
4.9831250237275526e-12 
4.7937209757265009e-12 
4.4454440129015893e-12 
4.2109649101007562e-12 
3.8873348984225231e-12 
3.6738390107871055e-12 
3.4992009290135684e-12 
3.3100189256174417e-12 
3.1024072200125374e-12 
2.9019009417652342e-12 
2.7555735471196385e-12 
2.5546231796624852e-12 
2.4223956174296291e-12 
2.2510882047299674e-12 
2.1159740626330859e-12 
2.0111690091084711e-12 
1.8967050152696174e-12 
1.7665868767835491e-12 
1.6718848527830232e-12 
1.5722978474741467e-12 
1.4797052472204086e-12 
1.379230063491832e-12 
1.308841923730597e-12 
1.2221335055073723e-12 
1.1327605520250472e-12 
1.074806910139614e-12 
1.0245138071240945e-12 
9.57456336436735e-13 
9.0305540823010233e-13 
8.532063944244328e-13 
7.9303230648974932e-13 
7.4729111787519287e-13 
7.0521366524189943e-13 
6.6091576655935569e-13 
6.2594374128366326e-13 
5.907496714030458e-13 
5.4733995114020217e-13 
5.1936233091964823e-13 
4.8094861426761781e-13 
4.546363285840016e-13 
4.2899017671516049e-13 
4.0722980543250742e-13 
3.7991831902672857e-13 
3.5904612616377563e-13 
3.3817393330082268e-13 
3.1519231669108194e-13 
2.9609648066752925e-13 
2.808864252301646e-13 
2.6267876762631204e-13 
2.4591439995447217e-13 
2.3270274596143281e-13 
2.1727064591914313e-13 
2.0550228185811648e-13 
1.9262369477246466e-13 
1.8240964294591322e-13 
1.7108536809473662e-13 
1.5987211554602254e-13 
1.5154544286133387e-13 
1.4022116801015727e-13 
1.3233858453531866e-13 
1.2512213487525514e-13 
1.1868284133242923e-13 
1.0846878950587779e-13 
1.0225154056797692e-13 
9.8254737679326354e-14 
9.0483176506950258e-14 
8.5154105988749507e-14 
7.9602990865623724e-14 
7.5828232581898192e-14 
7.1831429693247628e-14 
6.7834626804597065e-14 
6.3393734706096438e-14 
5.9841021027295938e-14 
5.6177285046032921e-14 
5.2291504459844873e-14 
4.9626969200744497e-14 
4.6629367034256575e-14 
4.3964831775156199e-14 
4.1744385725905886e-14 
3.8413716652030416e-14 
3.6415315207705135e-14 
3.3750779948604759e-14 
3.1863400806741993e-14 
3.0642155479654321e-14 
2.8199664825478976e-14 
2.6756374893466273e-14 
2.5424107263916085e-14 
2.3647750424515834e-14 
2.2315482794965646e-14 
2.0872192862952943e-14 
1.9539925233402755e-14 
1.8318679906315083e-14 
1.7430501486614958e-14 
1.6431300764452317e-14 
1.5432100042289676e-14 
1.4432899320127035e-14 
1.3655743202889425e-14 
1.2878587085651816e-14 
1.2212453270876722e-14 
1.1102230246251565e-14 
1.0436096431476471e-14 
9.8809849191638932e-15 
9.3258734068513149e-15 
8.7707618945387367e-15 
8.3266726846886741e-15 
7.7715611723760958e-15 
7.2164496600635175e-15 
6.8833827526759706e-15 
6.4392935428259079e-15 
6.106226635438361e-15 
5.773159728050814e-15 
5.2180482157382357e-15 
4.9960036108132044e-15 
4.5519144009631418e-15 
4.4408920985006262e-15 
4.2188474935755949e-15 
3.9968028886505635e-15 
3.7747582837255322e-15 
3.1086244689504383e-15 
2.9976021664879227e-15 
2.886579864025407e-15 
2.886579864025407e-15 
2.6645352591003757e-15 
2.4424906541753444e-15 
2.3314683517128287e-15 
2.2204460492503131e-15 
2.1094237467877974e-15 
1.8873791418627661e-15 
1.7763568394002505e-15 
1.6653345369377348e-15 
1.6653345369377348e-15 
1.5543122344752192e-15 
1.4432899320127035e-15 
1.3322676295501878e-15 
1.3322676295501878e-15 
1.2212453270876722e-15 
1.2212453270876722e-15 
1.1102230246251565e-15 
1.1102230246251565e-15 
8.8817841970012523e-16 
8.8817841970012523e-16 
6.6613381477509392e-16 
6.6613381477509392e-16 
6.6613381477509392e-16 
6.6613381477509392e-16 
5.5511151231257827e-16 
5.5511151231257827e-16 
5.5511151231257827e-16 
5.5511151231257827e-16 
4.4408920985006262e-16 
4.4408920985006262e-16 
4.4408920985006262e-16 
4.4408920985006262e-16 
3.3306690738754696e-16 
3.3306690738754696e-16 
3.3306690738754696e-16 
2.2204460492503131e-16 
2.2204460492503131e-16 
2.2204460492503131e-16 
2.2204460492503131e-16 
2.2204460492503131e-16 
2.2204460492503131e-16 
2.2204460492503131e-16 
2.2204460492503131e-16 
2.2204460492503131e-16 
2.2204460492503131e-16 
1.1102230246251565e-16 
1.1102230246251565e-16 
1.1102230246251565e-16 
1.1102230246251565e-16 
1.1102230246251565e-16 
1.1102230246251565e-16 
1.1102230246251565e-16 
1.1102230246251565e-16 
1.1102230246251565e-16 
1.1102230246251565e-16 
1.1102230246251565e-16 
1.1102230246251565e-16 
1.1102230246251565e-16 
1.1102230246251565e-16 
1.1102230246251565e-16 
1.1102230246251565e-16 
1.1102230246251565e-16 
1.1102230246251565e-16 
1.1102230246251565e-16 
1.1102230246251565e-16 
1.1102230246251565e-16 
1.1102230246251565e-16 
1.1102230246251565e-16 
1.1102230246251565e-16 
1.1102230246251565e-16 
1.1102230246251565e-16 
1.1102230246251565e-16 
1.1102230246251565e-16 
1.1102230246251565e-16 
1.1102230246251565e-16 
1.1102230246251565e-16 
1.1102230246251565e-16 
1.1102230246251565e-16 
1.1102230246251565e-16 
1.1102230246251565e-16 
1.1102230246251565e-16 
1.1102230246251565e-16 
1.1102230246251565e-16 
1.1102230246251565e-16 
1.1102230246251565e-16 
1.1102230246251565e-16 
1.1102230246251565e-16 
1.1102230246251565e-16 
1.1102230246251565e-16 
1.1102230246251565e-16 
1.1102230246251565e-16 
1.1102230246251565e-16 
1.1102230246251565e-16 
1.1102230246251565e-16 
1.1102230246251565e-16 
1.1102230246251565e-16 
1.1102230246251565e-16 
1.1102230246251565e-16 
1.1102230246251565e-16 
1.1102230246251565e-16 
1.1102230246251565e-16 
1.1102230246251565e-16 
1.1102230246251565e-16 
1.1102230246251565e-16 
1.1102230246251565e-16 
1.1102230246251565e-16 
1.1102230246251565e-16 
1.1102230246251565e-16 
1.1102230246251565e-16 
1.1102230246251565e-16 
1.1102230246251565e-16 
1.1102230246251565e-16 
1.1102230246251565e-16 
1.1102230246251565e-16 
1.1102230246251565e-16 
1.1102230246251565e-16 
1.1102230246251565e-16 
1.1102230246251565e-16 
1.1102230246251565e-16 
1.1102230246251565e-16 
1.1102230246251565e-16 
1.1102230246251565e-16 
1.1102230246251565e-16 
1.1102230246251565e-16 
1.1102230246251565e-16 
1.1102230246251565e-16 
1.1102230246251565e-16 
1.1102230246251565e-16 
1.1102230246251565e-16 
1.1102230246251565e-16 
1.1102230246251565e-16 
1.1102230246251565e-16 
1.1102230246251565e-16 
1.1102230246251565e-16 
1.1102230246251565e-16 
1.1102230246251565e-16 
1.1102230246251565e-16 
1.1102230246251565e-16 
1.1102230246251565e-16 
1.1102230246251565e-16 
1.1102230246251565e-16 
1.1102230246251565e-16 
1.1102230246251565e-16 
1.1102230246251565e-16 
1.1102230246251565e-16 
1.1102230246251565e-16 
1.1102230246251565e-16 
1.1102230246251565e-16 
1.1102230246251565e-16 
1.1102230246251565e-16 
1.1102230246251565e-16 
1.1102230246251565e-16 
1.1102230246251565e-16 
1.1102230246251565e-16 
1.1102230246251565e-16 
1.1102230246251565e-16 
1.1102230246251565e-16 
1.1102230246251565e-16 
1.1102230246251565e-16 
1.1102230246251565e-16 
1.1102230246251565e-16 
1.1102230246251565e-16 
1.1102230246251565e-16 
1.1102230246251565e-16 
1.1102230246251565e-16 
1.1102230246251565e-16 
1.1102230246251565e-16 
1.1102230246251565e-16 
1.1102230246251565e-16 
1.1102230246251565e-16 
1.1102230246251565e-16 
1.1102230246251565e-16 
1.1102230246251565e-16 
1.1102230246251565e-16 
1.1102230246251565e-16 
1.1102230246251565e-16 
1.1102230246251565e-16 
1.1102230246251565e-16 
1.1102230246251565e-16 
1.1102230246251565e-16 
1.1102230246251565e-16 
1.1102230246251565e-16 
1.1102230246251565e-16 
1.1102230246251565e-16 
1.1102230246251565e-16 
1.1102230246251565e-16 
1.1102230246251565e-16 
1.1102230246251565e-16 
1.1102230246251565e-16 
1.1102230246251565e-16 
1.1102230246251565e-16 
1.1102230246251565e-16 
1.1102230246251565e-16 
1.1102230246251565e-16 
1.1102230246251565e-16 
1.1102230246251565e-16 
1.1102230246251565e-16 
1.1102230246251565e-16 
1.1102230246251565e-16 
1.1102230246251565e-16 
1.1102230246251565e-16 
1.1102230246251565e-16 
1.1102230246251565e-16 
1.1102230246251565e-16 
1.1102230246251565e-16 
1.1102230246251565e-16 
1.1102230246251565e-16 
1.1102230246251565e-16 
1.1102230246251565e-16 
1.1102230246251565e-16 
1.1102230246251565e-16 
1.1102230246251565e-16 
1.1102230246251565e-16 
1.1102230246251565e-16 
1.1102230246251565e-16 
1.1102230246251565e-16 
1.1102230246251565e-16 
1.1102230246251565e-16 
1.1102230246251565e-16 
1.1102230246251565e-16 
1.1102230246251565e-16 
1.1102230246251565e-16 
1.1102230246251565e-16 
1.1102230246251565e-16 
1.1102230246251565e-16 
1.1102230246251565e-16 
1.1102230246251565e-16 
1.1102230246251565e-16 
1.1102230246251565e-16 
1.1102230246251565e-16 
1.1102230246251565e-16 
1.1102230246251565e-16 
1.1102230246251565e-16 
1.1102230246251565e-16 
1.1102230246251565e-16 
1.1102230246251565e-16 
1.1102230246251565e-16 
1.1102230246251565e-16 
1.1102230246251565e-16 
1.1102230246251565e-16 
1.1102230246251565e-16 
1.1102230246251565e-16 
1.1102230246251565e-16 
1.1102230246251565e-16 
1.1102230246251565e-16 
1.1102230246251565e-16 
1.1102230246251565e-16 
1.1102230246251565e-16 
1.1102230246251565e-16 
1.1102230246251565e-16 
1.1102230246251565e-16 
1.1102230246251565e-16 
1.1102230246251565e-16 
1.1102230246251565e-16 
1.1102230246251565e-16 
1.1102230246251565e-16 
1.1102230246251565e-16 
1.1102230246251565e-16 
1.1102230246251565e-16 
1.1102230246251565e-16 
1.1102230246251565e-16 
1.1102230246251565e-16 
1.1102230246251565e-16 
1.1102230246251565e-16 
1.1102230246251565e-16 
1.1102230246251565e-16 
1.1102230246251565e-16 
1.1102230246251565e-16 
1.1102230246251565e-16 
1.1102230246251565e-16 
1.1102230246251565e-16 
1.1102230246251565e-16 
1.1102230246251565e-16 
1.1102230246251565e-16 
1.1102230246251565e-16 
1.1102230246251565e-16 
1.1102230246251565e-16 
1.1102230246251565e-16 
1.1102230246251565e-16 
1.1102230246251565e-16 
1.1102230246251565e-16 
1.1102230246251565e-16 
1.1102230246251565e-16 
1.1102230246251565e-16 
1.1102230246251565e-16 
1.1102230246251565e-16 
1.1102230246251565e-16 
1.1102230246251565e-16 
1.1102230246251565e-16 
1.1102230246251565e-16 
1.1102230246251565e-16 
1.1102230246251565e-16 
1.1102230246251565e-16 
1.1102230246251565e-16 
1.1102230246251565e-16 
1.1102230246251565e-16 
1.1102230246251565e-16 
1.1102230246251565e-16 
1.1102230246251565e-16 
1.1102230246251565e-16 
1.1102230246251565e-16 
1.1102230246251565e-16 
1.1102230246251565e-16 
1.1102230246251565e-16 
1.1102230246251565e-16 
1.1102230246251565e-16 
1.1102230246251565e-16 
1.1102230246251565e-16 
1.1102230246251565e-16 
1.1102230246251565e-16 
1.1102230246251565e-16 
1.1102230246251565e-16 
1.1102230246251565e-16 
1.1102230246251565e-16 
1.1102230246251565e-16 
1.1102230246251565e-16 
1.1102230246251565e-16 
1.1102230246251565e-16 
1.1102230246251565e-16 
1.1102230246251565e-16 
1.1102230246251565e-16 
1.1102230246251565e-16 
1.1102230246251565e-16 
1.1102230246251565e-16 
1.1102230246251565e-16 
1.1102230246251565e-16 
1.1102230246251565e-16 
1.1102230246251565e-16 
1.1102230246251565e-16 
1.1102230246251565e-16 
1.1102230246251565e-16 
1.1102230246251565e-16 
1.1102230246251565e-16 
1.1102230246251565e-16 
1.1102230246251565e-16 
1.1102230246251565e-16 
1.1102230246251565e-16 
1.1102230246251565e-16 
1.1102230246251565e-16 
1.1102230246251565e-16 
1.1102230246251565e-16 
1.1102230246251565e-16 
1.1102230246251565e-16 
1.1102230246251565e-16 
1.1102230246251565e-16 
1.1102230246251565e-16 
1.1102230246251565e-16 
1.1102230246251565e-16 
1.1102230246251565e-16 
1.1102230246251565e-16 
1.1102230246251565e-16 
1.1102230246251565e-16 
1.1102230246251565e-16 
1.1102230246251565e-16 
1.1102230246251565e-16 
1.1102230246251565e-16 
1.1102230246251565e-16 
1.1102230246251565e-16 
1.1102230246251565e-16 
1.1102230246251565e-16 
1.1102230246251565e-16 
1.1102230246251565e-16 
1.1102230246251565e-16 
1.1102230246251565e-16 
1.1102230246251565e-16 
1.1102230246251565e-16 
1.1102230246251565e-16 
1.1102230246251565e-16 
1.1102230246251565e-16 
1.1102230246251565e-16 
1.1102230246251565e-16 
1.1102230246251565e-16 
1.1102230246251565e-16 
1.1102230246251565e-16 
1.1102230246251565e-16 
1.1102230246251565e-16 
1.1102230246251565e-16 
1.1102230246251565e-16 
1.1102230246251565e-16 
1.1102230246251565e-16 
1.1102230246251565e-16 
1.1102230246251565e-16 
1.1102230246251565e-16 
1.1102230246251565e-16 
1.1102230246251565e-16 
1.1102230246251565e-16 
1.1102230246251565e-16 
1.1102230246251565e-16 
1.1102230246251565e-16 
1.1102230246251565e-16 
1.1102230246251565e-16 
1.1102230246251565e-16 
1.1102230246251565e-16 
1.1102230246251565e-16 
1.1102230246251565e-16 
1.1102230246251565e-16 
1.1102230246251565e-16 
1.1102230246251565e-16 
1.1102230246251565e-16 
1.1102230246251565e-16 
1.1102230246251565e-16 
1.1102230246251565e-16 
1.1102230246251565e-16 
1.1102230246251565e-16 
1.1102230246251565e-16 
1.1102230246251565e-16 
1.1102230246251565e-16 
1.1102230246251565e-16 
1.1102230246251565e-16 
1.1102230246251565e-16 
1.1102230246251565e-16 
1.1102230246251565e-16 
1.1102230246251565e-16 
1.1102230246251565e-16 
1.1102230246251565e-16 
1.1102230246251565e-16 
1.1102230246251565e-16 
1.1102230246251565e-16 
1.1102230246251565e-16 
1.1102230246251565e-16 
1.1102230246251565e-16 
1.1102230246251565e-16 
1.1102230246251565e-16 
1.1102230246251565e-16 
1.1102230246251565e-16 
1.1102230246251565e-16 
1.1102230246251565e-16 
1.1102230246251565e-16 
1.1102230246251565e-16 
1.1102230246251565e-16 
1.1102230246251565e-16 
1.1102230246251565e-16 
1.1102230246251565e-16 
1.1102230246251565e-16 
1.1102230246251565e-16 
1.1102230246251565e-16 
1.1102230246251565e-16 
1.1102230246251565e-16 
1.1102230246251565e-16 
1.1102230246251565e-16 
1.1102230246251565e-16 
1.1102230246251565e-16 
1.1102230246251565e-16 
1.1102230246251565e-16 
1.1102230246251565e-16 
1.1102230246251565e-16 
